open_time,close_time,open,high,low,close,volume,trades
1757203200000,1757203259999,110138.0,110168.0,110135.0,110168.0,1.46991,88
1757203260000,1757203319999,110167.0,110168.0,110128.0,110128.0,3.31758,94
1757203320000,1757203379999,110129.0,110173.0,110128.0,110173.0,0.75607,94
1757203380000,1757203439999,110173.0,110179.0,110162.0,110163.0,5.70681,75
1757203440000,1757203499999,110163.0,110187.0,110162.0,110187.0,5.11472,70
1757203500000,1757203559999,110186.0,110197.0,110181.0,110194.0,5.54264,93
1757203560000,1757203619999,110194.0,110194.0,110193.0,110194.0,1.33854,40
1757203620000,1757203679999,110194.0,110194.0,110192.0,110193.0,0.94796,40
1757203680000,1757203739999,110193.0,110193.0,110191.0,110192.0,2.63990,43
1757203740000,1757203799999,110192.0,110192.0,110191.0,110192.0,1.43663,40
1757203800000,1757203859999,110191.0,110192.0,110191.0,110191.0,0.39882,34
1757203860000,1757203919999,110192.0,110204.0,110192.0,110204.0,0.30728,56
1757203920000,1757203979999,110204.0,110204.0,110203.0,110204.0,1.30285,47
1757203980000,1757204039999,110204.0,110207.0,110203.0,110207.0,5.22339,58
1757204040000,1757204099999,110207.0,110209.0,110206.0,110209.0,7.22420,51
1757204100000,1757204159999,110209.0,110210.0,110200.0,110201.0,26.17643,154
1757204160000,1757204219999,110201.0,110201.0,110198.0,110199.0,0.20148,34
1757204220000,1757204279999,110198.0,110208.0,110198.0,110206.0,6.98229,75
1757204280000,1757204339999,110206.0,110206.0,110199.0,110199.0,2.02901,45
1757204340000,1757204399999,110199.0,110199.0,110198.0,110199.0,12.22414,69
1757204400000,1757204459999,110198.0,110199.0,110198.0,110199.0,0.32976,32
1757204460000,1757204519999,110199.0,110206.0,110198.0,110203.0,10.77627,61
1757204520000,1757204579999,110203.0,110203.0,110202.0,110202.0,0.48228,35
1757204580000,1757204639999,110203.0,110203.0,110201.0,110202.0,0.32664,37
1757204640000,1757204699999,110202.0,110202.0,110201.0,110201.0,1.16566,42
1757204700000,1757204759999,110202.0,110202.0,110201.0,110201.0,1.00455,39
1757204760000,1757204819999,110202.0,110202.0,110201.0,110201.0,0.08355,31
1757204820000,1757204879999,110202.0,110202.0,110199.0,110199.0,1.69325,45
1757204880000,1757204939999,110200.0,110200.0,110197.0,110197.0,0.11573,34
1757204940000,1757204999999,110197.0,110198.0,110197.0,110197.0,0.65823,39
1757205000000,1757205059999,110197.0,110198.0,110178.0,110178.0,10.95260,67
1757205060000,1757205119999,110179.0,110179.0,110171.0,110171.0,0.48029,47
1757205120000,1757205179999,110172.0,110172.0,110165.0,110165.0,0.14608,42
1757205180000,1757205239999,110165.0,110185.0,110165.0,110166.0,0.52274,62
1757205240000,1757205299999,110167.0,110167.0,110163.0,110163.0,0.38899,48
1757205300000,1757205359999,110164.0,110164.0,110163.0,110163.0,1.56894,50
1757205360000,1757205419999,110164.0,110180.0,110163.0,110179.0,0.89205,67
1757205420000,1757205479999,110180.0,110193.0,110179.0,110192.0,1.57618,79
1757205480000,1757205539999,110193.0,110193.0,110192.0,110192.0,1.00163,51
1757205540000,1757205599999,110193.0,110193.0,110192.0,110192.0,0.87409,63
1757205600000,1757205659999,110193.0,110198.0,110192.0,110197.0,0.46272,61
1757205660000,1757205719999,110198.0,110211.0,110197.0,110211.0,0.22454,64
1757205720000,1757205779999,110211.0,110224.0,110210.0,110223.0,3.21568,94
1757205780000,1757205839999,110223.0,110224.0,110223.0,110223.0,0.77180,59
1757205840000,1757205899999,110224.0,110252.0,110223.0,110248.0,4.14267,129
1757205900000,1757205959999,110249.0,110249.0,110247.0,110247.0,0.51520,58
1757205960000,1757206019999,110248.0,110248.0,110247.0,110247.0,0.65357,47
1757206020000,1757206079999,110247.0,110248.0,110243.0,110243.0,2.44859,50
1757206080000,1757206139999,110244.0,110244.0,110243.0,110243.0,9.83180,79
1757206140000,1757206199999,110243.0,110245.0,110242.0,110244.0,2.32431,50
1757206200000,1757206259999,110245.0,110263.0,110244.0,110262.0,4.68773,103
1757206260000,1757206319999,110263.0,110263.0,110254.0,110254.0,10.55714,112
1757206320000,1757206379999,110255.0,110287.0,110254.0,110286.0,6.03085,151
1757206380000,1757206439999,110287.0,110287.0,110283.0,110284.0,3.16365,50
1757206440000,1757206499999,110284.0,110284.0,110274.0,110274.0,1.83175,50
1757206500000,1757206559999,110265.0,110298.0,110242.0,110297.0,2.40666,159
1757206560000,1757206619999,110298.0,110319.0,110298.0,110319.0,4.59914,156
1757206620000,1757206679999,110318.0,110319.0,110318.0,110318.0,1.68936,87
1757206680000,1757206739999,110319.0,110320.0,110318.0,110320.0,4.85409,77
1757206740000,1757206799999,110320.0,110320.0,110314.0,110315.0,5.31408,60
1757206800000,1757206859999,110312.0,110312.0,110293.0,110294.0,6.06623,90
1757206860000,1757206919999,110293.0,110293.0,110283.0,110286.0,2.95732,75
1757206920000,1757206979999,110286.0,110313.0,110285.0,110313.0,1.53885,77
1757206980000,1757207039999,110313.0,110314.0,110312.0,110312.0,8.19092,65
1757207040000,1757207099999,110311.0,110312.0,110311.0,110311.0,2.22812,32
1757207100000,1757207159999,110312.0,110312.0,110273.0,110284.0,8.97058,98
1757207160000,1757207219999,110285.0,110295.0,110284.0,110295.0,0.88000,32
1757207220000,1757207279999,110295.0,110299.0,110294.0,110299.0,1.12457,38
1757207280000,1757207339999,110300.0,110320.0,110300.0,110320.0,0.66083,75
1757207340000,1757207399999,110319.0,110369.0,110319.0,110368.0,44.40331,318
1757207400000,1757207459999,110369.0,110416.0,110368.0,110410.0,9.36984,277
1757207460000,1757207519999,110410.0,110418.0,110359.0,110359.0,4.17917,112
1757207520000,1757207579999,110359.0,110360.0,110350.0,110354.0,2.81420,58
1757207580000,1757207639999,110354.0,110354.0,110350.0,110351.0,0.80749,30
1757207640000,1757207699999,110351.0,110351.0,110350.0,110350.0,0.85374,29
1757207700000,1757207759999,110350.0,110351.0,110348.0,110349.0,3.52361,53
1757207760000,1757207819999,110349.0,110349.0,110300.0,110300.0,3.16208,97
1757207820000,1757207879999,110301.0,110301.0,110300.0,110301.0,0.33847,24
1757207880000,1757207939999,110300.0,110340.0,110300.0,110340.0,1.42674,101
1757207940000,1757207999999,110340.0,110360.0,110320.0,110321.0,1.47439,101
1757208000000,1757208059999,110321.0,110321.0,110320.0,110321.0,0.57136,23
1757208060000,1757208119999,110321.0,110400.0,110320.0,110399.0,0.98965,110
1757208120000,1757208179999,110400.0,110425.0,110400.0,110424.0,4.54379,101
1757208180000,1757208239999,110425.0,110425.0,110417.0,110418.0,1.43156,34
1757208240000,1757208299999,110418.0,110419.0,110413.0,110419.0,1.58208,42
1757208300000,1757208359999,110418.0,110420.0,110418.0,110419.0,3.99334,34
1757208360000,1757208419999,110419.0,110421.0,110419.0,110421.0,3.61591,48
1757208420000,1757208479999,110421.0,110474.0,110420.0,110473.0,17.11403,201
1757208480000,1757208539999,110474.0,110479.0,110470.0,110470.0,14.68895,102
1757208540000,1757208599999,110471.0,110513.0,110460.0,110461.0,31.69028,229
1757208600000,1757208659999,110461.0,110470.0,110427.0,110427.0,5.14637,104
1757208660000,1757208719999,110427.0,110427.0,110426.0,110427.0,1.39248,40
1757208720000,1757208779999,110427.0,110450.0,110426.0,110449.0,3.27108,52
1757208780000,1757208839999,110450.0,110467.0,110449.0,110467.0,0.56929,36
1757208840000,1757208899999,110470.0,110470.0,110469.0,110470.0,0.21040,17
1757208900000,1757208959999,110470.0,110470.0,110469.0,110470.0,2.09211,31
1757208960000,1757209019999,110470.0,110470.0,110465.0,110465.0,4.93827,47
1757209020000,1757209079999,110466.0,110466.0,110454.0,110454.0,1.17271,21
1757209080000,1757209139999,110453.0,110457.0,110450.0,110452.0,0.86075,30
1757209140000,1757209199999,110453.0,110453.0,110452.0,110453.0,0.23737,17
1757209200000,1757209259999,110452.0,110452.0,110433.0,110433.0,2.25167,26
1757209260000,1757209319999,110433.0,110454.0,110433.0,110454.0,1.62109,56
1757209320000,1757209379999,110453.0,110454.0,110453.0,110454.0,0.23104,16
1757209380000,1757209439999,110454.0,110454.0,110453.0,110453.0,0.77063,24
1757209440000,1757209499999,110454.0,110454.0,110453.0,110454.0,0.20637,18
1757209500000,1757209559999,110454.0,110455.0,110454.0,110454.0,9.23863,69
1757209560000,1757209619999,110455.0,110463.0,110455.0,110462.0,9.67820,68
1757209620000,1757209679999,110463.0,110463.0,110462.0,110462.0,2.58906,24
1757209680000,1757209739999,110463.0,110500.0,110462.0,110495.0,6.46696,124
1757209740000,1757209799999,110496.0,110540.0,110495.0,110540.0,15.41361,145
1757209800000,1757209859999,110540.0,110546.0,110501.0,110543.0,20.52782,153
1757209860000,1757209919999,110544.0,110544.0,110528.0,110539.0,0.62136,41
1757209920000,1757209979999,110539.0,110543.0,110520.0,110521.0,19.20806,89
1757209980000,1757210039999,110521.0,110529.0,110511.0,110511.0,1.42434,55
1757210040000,1757210099999,110512.0,110526.0,110511.0,110519.0,1.50947,42
1757210100000,1757210159999,110519.0,110519.0,110491.0,110492.0,2.02686,68
1757210160000,1757210219999,110491.0,110492.0,110480.0,110492.0,8.72755,73
1757210220000,1757210279999,110492.0,110496.0,110488.0,110489.0,0.58174,24
1757210280000,1757210339999,110488.0,110489.0,110488.0,110489.0,0.89420,13
1757210340000,1757210399999,110489.0,110508.0,110489.0,110508.0,1.52936,42
1757210400000,1757210459999,110508.0,110508.0,110480.0,110480.0,20.31129,73
1757210460000,1757210519999,110481.0,110481.0,110472.0,110472.0,5.85953,53
1757210520000,1757210579999,110472.0,110472.0,110454.0,110455.0,2.09790,66
1757210580000,1757210639999,110455.0,110464.0,110454.0,110463.0,0.27741,29
1757210640000,1757210699999,110464.0,110474.0,110463.0,110473.0,0.53463,26
1757210700000,1757210759999,110474.0,110480.0,110474.0,110478.0,3.25590,36
1757210760000,1757210819999,110478.0,110494.0,110477.0,110494.0,0.60584,32
1757210820000,1757210879999,110494.0,110494.0,110455.0,110456.0,7.23782,83
1757210880000,1757210939999,110456.0,110456.0,110455.0,110456.0,4.31838,30
1757210940000,1757210999999,110456.0,110456.0,110452.0,110452.0,5.88090,43
1757211000000,1757211059999,110451.0,110451.0,110430.0,110430.0,8.92005,84
1757211060000,1757211119999,110430.0,110452.0,110430.0,110452.0,1.27334,53
1757211120000,1757211179999,110451.0,110482.0,110451.0,110481.0,1.50441,42
1757211180000,1757211239999,110481.0,110482.0,110479.0,110479.0,0.17296,22
1757211240000,1757211299999,110478.0,110484.0,110478.0,110484.0,4.25597,54
1757211300000,1757211359999,110483.0,110485.0,110469.0,110469.0,3.27788,51
1757211360000,1757211419999,110469.0,110469.0,110444.0,110447.0,0.33483,44
1757211420000,1757211479999,110441.0,110441.0,110440.0,110440.0,0.81193,25
1757211480000,1757211539999,110440.0,110441.0,110440.0,110441.0,0.01644,12
1757211540000,1757211599999,110441.0,110441.0,110424.0,110424.0,2.06999,48
1757211600000,1757211659999,110424.0,110425.0,110404.0,110404.0,1.47935,55
1757211660000,1757211719999,110404.0,110405.0,110404.0,110405.0,1.11660,24
1757211720000,1757211779999,110404.0,110425.0,110404.0,110425.0,7.35234,45
1757211780000,1757211839999,110425.0,110446.0,110425.0,110446.0,1.33356,22
1757211840000,1757211899999,110446.0,110468.0,110445.0,110467.0,6.76998,84
1757211900000,1757211959999,110467.0,110469.0,110467.0,110468.0,10.44610,85
1757211960000,1757212019999,110468.0,110469.0,110452.0,110452.0,10.14135,82
1757212020000,1757212079999,110453.0,110461.0,110452.0,110460.0,0.39724,24
1757212080000,1757212139999,110461.0,110461.0,110460.0,110461.0,0.39987,19
1757212140000,1757212199999,110461.0,110469.0,110460.0,110469.0,1.44161,32
1757212200000,1757212259999,110469.0,110484.0,110469.0,110484.0,4.77736,63
1757212260000,1757212319999,110483.0,110495.0,110483.0,110494.0,1.28889,75
1757212320000,1757212379999,110495.0,110495.0,110486.0,110486.0,1.37404,41
1757212380000,1757212439999,110487.0,110487.0,110474.0,110474.0,1.62930,42
1757212440000,1757212499999,110474.0,110475.0,110470.0,110471.0,0.27715,31
1757212500000,1757212559999,110471.0,110471.0,110470.0,110470.0,0.67535,28
1757212560000,1757212619999,110470.0,110471.0,110470.0,110470.0,0.95301,27
1757212620000,1757212679999,110470.0,110471.0,110458.0,110458.0,1.65299,54
1757212680000,1757212739999,110459.0,110459.0,110458.0,110458.0,0.38820,19
1757212740000,1757212799999,110458.0,110459.0,110458.0,110458.0,1.00077,23
1757212800000,1757212859999,110459.0,110459.0,110451.0,110451.0,0.78730,24
1757212860000,1757212919999,110452.0,110452.0,110451.0,110452.0,1.41891,30
1757212920000,1757212979999,110450.0,110450.0,110449.0,110450.0,0.77593,24
1757212980000,1757213039999,110450.0,110450.0,110449.0,110449.0,0.92147,21
1757213040000,1757213099999,110450.0,110450.0,110449.0,110449.0,0.21201,18
1757213100000,1757213159999,110450.0,110467.0,110450.0,110466.0,2.29608,64
1757213160000,1757213219999,110467.0,110467.0,110466.0,110467.0,0.21726,17
1757213220000,1757213279999,110466.0,110467.0,110466.0,110467.0,0.60889,37
1757213280000,1757213339999,110467.0,110489.0,110466.0,110489.0,1.25130,78
1757213340000,1757213399999,110488.0,110522.0,110488.0,110522.0,1.45766,110
1757213400000,1757213459999,110521.0,110522.0,110505.0,110505.0,1.43851,45
1757213460000,1757213519999,110506.0,110516.0,110505.0,110515.0,1.07600,47
1757213520000,1757213579999,110515.0,110530.0,110515.0,110530.0,1.94139,83
1757213580000,1757213639999,110529.0,110546.0,110529.0,110542.0,10.67978,93
1757213640000,1757213699999,110541.0,110566.0,110541.0,110565.0,21.28249,120
1757213700000,1757213759999,110566.0,110673.0,110566.0,110653.0,183.85823,731
1757213760000,1757213819999,110650.0,110650.0,110624.0,110625.0,6.27783,53
1757213820000,1757213879999,110624.0,110638.0,110624.0,110638.0,3.19829,52
1757213880000,1757213939999,110638.0,110653.0,110631.0,110631.0,1.92005,72
1757213940000,1757213999999,110631.0,110632.0,110623.0,110624.0,0.74437,29
1757214000000,1757214059999,110623.0,110657.0,110623.0,110633.0,16.80483,127
1757214060000,1757214119999,110634.0,110634.0,110630.0,110631.0,4.85060,46
1757214120000,1757214179999,110630.0,110631.0,110614.0,110615.0,6.91961,65
1757214180000,1757214239999,110614.0,110615.0,110600.0,110600.0,2.24427,36
1757214240000,1757214299999,110601.0,110601.0,110600.0,110600.0,2.07409,31
1757214300000,1757214359999,110600.0,110600.0,110599.0,110599.0,8.36934,42
1757214360000,1757214419999,110599.0,110600.0,110585.0,110586.0,3.59303,43
1757214420000,1757214479999,110584.0,110584.0,110583.0,110583.0,1.33849,26
1757214480000,1757214539999,110583.0,110584.0,110583.0,110583.0,1.15163,35
1757214540000,1757214599999,110584.0,110584.0,110583.0,110583.0,0.15944,28
1757214600000,1757214659999,110584.0,110585.0,110583.0,110584.0,0.14239,33
1757214660000,1757214719999,110585.0,110585.0,110580.0,110580.0,0.42403,34
1757214720000,1757214779999,110581.0,110581.0,110575.0,110576.0,0.28738,31
1757214780000,1757214839999,110576.0,110576.0,110569.0,110569.0,0.52045,48
1757214840000,1757214899999,110570.0,110570.0,110553.0,110553.0,0.31232,41
1757214900000,1757214959999,110554.0,110574.0,110553.0,110573.0,12.52187,78
1757214960000,1757215019999,110574.0,110590.0,110573.0,110589.0,1.07153,69
1757215020000,1757215079999,110590.0,110599.0,110589.0,110599.0,1.92175,51
1757215080000,1757215139999,110599.0,110599.0,110598.0,110599.0,1.47323,43
1757215140000,1757215199999,110599.0,110664.0,110598.0,110659.0,10.96005,184
1757215200000,1757215259999,110659.0,110659.0,110658.0,110658.0,0.60025,26
1757215260000,1757215319999,110659.0,110666.0,110658.0,110665.0,10.94135,52
1757215320000,1757215379999,110666.0,110666.0,110665.0,110665.0,0.56464,35
1757215380000,1757215439999,110666.0,110666.0,110665.0,110666.0,31.53832,73
1757215440000,1757215499999,110666.0,110666.0,110665.0,110666.0,1.24060,26
1757215500000,1757215559999,110666.0,110677.0,110665.0,110676.0,19.89689,127
1757215560000,1757215619999,110677.0,110688.0,110676.0,110688.0,3.61898,110
1757215620000,1757215679999,110688.0,110688.0,110668.0,110669.0,3.61661,102
1757215680000,1757215739999,110669.0,110673.0,110668.0,110672.0,0.42194,23
1757215740000,1757215799999,110673.0,110676.0,110672.0,110676.0,0.37707,22
1757215800000,1757215859999,110676.0,110700.0,110675.0,110700.0,12.68710,105
1757215860000,1757215919999,110700.0,110700.0,110682.0,110683.0,2.42903,57
1757215920000,1757215979999,110683.0,110683.0,110650.0,110650.0,1.30259,77
1757215980000,1757216039999,110650.0,110650.0,110649.0,110650.0,3.65068,41
1757216040000,1757216099999,110650.0,110671.0,110649.0,110670.0,1.55979,37
1757216100000,1757216159999,110671.0,110671.0,110670.0,110670.0,0.10626,27
1757216160000,1757216219999,110671.0,110671.0,110660.0,110660.0,1.61404,45
1757216220000,1757216279999,110661.0,110669.0,110650.0,110650.0,0.49711,44
1757216280000,1757216339999,110651.0,110651.0,110643.0,110644.0,0.06941,32
1757216340000,1757216399999,110644.0,110644.0,110643.0,110643.0,0.26600,23
1757216400000,1757216459999,110644.0,110644.0,110621.0,110629.0,1.89285,51
1757216460000,1757216519999,110630.0,110630.0,110603.0,110610.0,28.56675,114
1757216520000,1757216579999,110610.0,110610.0,110580.0,110580.0,121.28166,304
1757216580000,1757216639999,110581.0,110581.0,110568.0,110568.0,4.25334,52
1757216640000,1757216699999,110569.0,110581.0,110568.0,110580.0,0.22086,39
1757216700000,1757216759999,110581.0,110581.0,110580.0,110580.0,1.03797,23
1757216760000,1757216819999,110581.0,110581.0,110565.0,110565.0,1.53797,35
1757216820000,1757216879999,110566.0,110566.0,110560.0,110560.0,0.74556,40
1757216880000,1757216939999,110561.0,110561.0,110559.0,110560.0,0.72089,29
1757216940000,1757216999999,110560.0,110565.0,110545.0,110561.0,27.32491,123
1757217000000,1757217059999,110562.0,110562.0,110560.0,110561.0,0.23338,24
1757217060000,1757217119999,110561.0,110561.0,110558.0,110558.0,0.20936,25
1757217120000,1757217179999,110559.0,110559.0,110556.0,110556.0,0.46488,32
1757217180000,1757217239999,110557.0,110562.0,110556.0,110561.0,0.60635,30
1757217240000,1757217299999,110562.0,110562.0,110561.0,110562.0,1.36930,40
1757217300000,1757217359999,110562.0,110578.0,110561.0,110578.0,2.60051,77
1757217360000,1757217419999,110579.0,110579.0,110553.0,110553.0,1.10394,46
1757217420000,1757217479999,110554.0,110573.0,110553.0,110573.0,0.49670,54
1757217480000,1757217539999,110580.0,110594.0,110579.0,110583.0,1.62079,78
1757217540000,1757217599999,110584.0,110584.0,110582.0,110582.0,0.27984,28
1757217600000,1757217659999,110583.0,110583.0,110582.0,110582.0,1.00250,47
1757217660000,1757217719999,110583.0,110583.0,110576.0,110583.0,0.35728,44
1757217720000,1757217779999,110583.0,110583.0,110582.0,110582.0,0.31291,31
1757217780000,1757217839999,110583.0,110587.0,110576.0,110576.0,0.77806,54
1757217840000,1757217899999,110577.0,110577.0,110576.0,110577.0,3.36588,42
1757217900000,1757217959999,110577.0,110577.0,110573.0,110574.0,1.12367,32
1757217960000,1757218019999,110577.0,110577.0,110576.0,110577.0,2.11243,22
1757218020000,1757218079999,110577.0,110577.0,110576.0,110576.0,0.91232,16
1757218080000,1757218139999,110577.0,110577.0,110576.0,110576.0,0.30320,27
1757218140000,1757218199999,110577.0,110577.0,110500.0,110535.0,9.84365,233
1757218200000,1757218259999,110536.0,110546.0,110505.0,110506.0,0.89922,86
1757218260000,1757218319999,110506.0,110506.0,110498.0,110499.0,0.76449,48
1757218320000,1757218379999,110499.0,110499.0,110458.0,110458.0,0.64286,71
1757218380000,1757218439999,110459.0,110467.0,110458.0,110464.0,15.09027,92
1757218440000,1757218499999,110467.0,110493.0,110467.0,110482.0,12.50817,106
1757218500000,1757218559999,110482.0,110502.0,110481.0,110501.0,1.31149,78
1757218560000,1757218619999,110501.0,110522.0,110500.0,110512.0,0.83660,68
1757218620000,1757218679999,110511.0,110511.0,110508.0,110508.0,1.01540,30
1757218680000,1757218739999,110508.0,110511.0,110508.0,110511.0,0.31618,39
1757218740000,1757218799999,110510.0,110524.0,110510.0,110523.0,10.29006,85
1757218800000,1757218859999,110523.0,110531.0,110523.0,110531.0,0.55141,48
1757218860000,1757218919999,110530.0,110531.0,110526.0,110527.0,0.78760,29
1757218920000,1757218979999,110526.0,110527.0,110522.0,110523.0,0.31343,26
1757218980000,1757219039999,110523.0,110526.0,110522.0,110525.0,0.05524,15
1757219040000,1757219099999,110525.0,110533.0,110525.0,110532.0,0.23791,33
1757219100000,1757219159999,110532.0,110533.0,110532.0,110533.0,0.25280,22
1757219160000,1757219219999,110533.0,110533.0,110520.0,110520.0,2.66523,50
1757219220000,1757219279999,110520.0,110520.0,110503.0,110513.0,9.24942,79
1757219280000,1757219339999,110513.0,110514.0,110513.0,110513.0,0.86509,20
1757219340000,1757219399999,110513.0,110514.0,110499.0,110499.0,5.05744,61
1757219400000,1757219459999,110500.0,110500.0,110499.0,110499.0,0.89040,24
1757219460000,1757219519999,110499.0,110500.0,110497.0,110499.0,7.77986,35
1757219520000,1757219579999,110498.0,110498.0,110494.0,110495.0,0.65495,34
1757219580000,1757219639999,110495.0,110495.0,110494.0,110494.0,3.25984,33
1757219640000,1757219699999,110494.0,110495.0,110494.0,110494.0,1.91353,34
1757219700000,1757219759999,110494.0,110495.0,110494.0,110494.0,0.73678,28
1757219760000,1757219819999,110494.0,110495.0,110463.0,110463.0,30.17579,142
1757219820000,1757219879999,110463.0,110466.0,110462.0,110466.0,5.64386,53
1757219880000,1757219939999,110465.0,110466.0,110465.0,110465.0,13.30145,47
1757219940000,1757219999999,110465.0,110468.0,110465.0,110467.0,3.77241,45
1757220000000,1757220059999,110464.0,110464.0,110435.0,110435.0,12.45330,98
1757220060000,1757220119999,110435.0,110441.0,110428.0,110428.0,3.88501,77
1757220120000,1757220179999,110428.0,110442.0,110428.0,110441.0,2.41155,44
1757220180000,1757220239999,110441.0,110442.0,110441.0,110441.0,1.48048,23
1757220240000,1757220299999,110441.0,110443.0,110441.0,110442.0,2.92777,35
1757220300000,1757220359999,110442.0,110461.0,110442.0,110460.0,1.61119,50
1757220360000,1757220419999,110460.0,110463.0,110460.0,110463.0,0.76301,30
1757220420000,1757220479999,110462.0,110469.0,110462.0,110468.0,0.48996,46
1757220480000,1757220539999,110468.0,110469.0,110468.0,110469.0,1.53907,32
1757220540000,1757220599999,110468.0,110469.0,110467.0,110467.0,0.36903,34
1757220600000,1757220659999,110466.0,110513.0,110466.0,110513.0,5.05205,103
1757220660000,1757220719999,110512.0,110512.0,110488.0,110493.0,6.30882,64
1757220720000,1757220779999,110494.0,110503.0,110493.0,110503.0,0.30048,26
1757220780000,1757220839999,110502.0,110507.0,110502.0,110506.0,6.72886,34
1757220840000,1757220899999,110506.0,110508.0,110506.0,110507.0,0.98203,21
1757220900000,1757220959999,110508.0,110514.0,110508.0,110514.0,0.33867,30
1757220960000,1757221019999,110513.0,110514.0,110512.0,110512.0,0.29230,23
1757221020000,1757221079999,110512.0,110513.0,110512.0,110512.0,0.21509,18
1757221080000,1757221139999,110512.0,110512.0,110511.0,110511.0,1.82948,26
1757221140000,1757221199999,110511.0,110513.0,110511.0,110513.0,0.67415,26
1757221200000,1757221259999,110512.0,110514.0,110512.0,110514.0,1.22652,31
1757221260000,1757221319999,110513.0,110518.0,110513.0,110518.0,0.71250,25
1757221320000,1757221379999,110517.0,110598.0,110517.0,110595.0,17.74175,193
1757221380000,1757221439999,110594.0,110600.0,110594.0,110599.0,0.55670,24
1757221440000,1757221499999,110600.0,110620.0,110599.0,110620.0,0.55237,48
1757221500000,1757221559999,110619.0,110628.0,110619.0,110628.0,0.71238,35
1757221560000,1757221619999,110627.0,110653.0,110626.0,110647.0,0.34857,51
1757221620000,1757221679999,110652.0,110653.0,110649.0,110650.0,1.12735,29
1757221680000,1757221739999,110649.0,110650.0,110599.0,110599.0,2.33272,73
1757221740000,1757221799999,110599.0,110600.0,110564.0,110566.0,2.89583,75
1757221800000,1757221859999,110566.0,110567.0,110566.0,110566.0,0.10370,18
1757221860000,1757221919999,110566.0,110567.0,110541.0,110541.0,1.55215,59
1757221920000,1757221979999,110540.0,110541.0,110522.0,110527.0,0.63928,59
1757221980000,1757222039999,110527.0,110542.0,110527.0,110542.0,1.00152,27
1757222040000,1757222099999,110546.0,110589.0,110546.0,110588.0,2.81260,56
1757222100000,1757222159999,110588.0,110589.0,110587.0,110588.0,2.23261,37
1757222160000,1757222219999,110587.0,110587.0,110586.0,110586.0,0.21068,19
1757222220000,1757222279999,110586.0,110596.0,110586.0,110595.0,0.56415,31
1757222280000,1757222339999,110595.0,110596.0,110570.0,110570.0,1.45641,59
1757222340000,1757222399999,110570.0,110571.0,110570.0,110571.0,1.50280,42
1757222400000,1757222459999,110570.0,110594.0,110570.0,110594.0,0.38594,33
1757222460000,1757222519999,110594.0,110604.0,110594.0,110604.0,0.33956,32
1757222520000,1757222579999,110603.0,110604.0,110594.0,110595.0,0.23896,33
1757222580000,1757222639999,110594.0,110621.0,110594.0,110620.0,0.40722,52
1757222640000,1757222699999,110620.0,110621.0,110619.0,110619.0,0.07112,26
1757222700000,1757222759999,110619.0,110649.0,110619.0,110649.0,2.86982,74
1757222760000,1757222819999,110648.0,110649.0,110648.0,110648.0,3.04539,54
1757222820000,1757222879999,110648.0,110650.0,110648.0,110649.0,1.69907,29
1757222880000,1757222939999,110649.0,110653.0,110649.0,110653.0,0.82684,24
1757222940000,1757222999999,110652.0,110653.0,110652.0,110652.0,2.36775,30
1757223000000,1757223059999,110653.0,110653.0,110652.0,110652.0,0.40718,30
1757223060000,1757223119999,110652.0,110653.0,110650.0,110650.0,1.29792,56
1757223120000,1757223179999,110651.0,110651.0,110650.0,110651.0,0.23736,23
1757223180000,1757223239999,110651.0,110655.0,110632.0,110655.0,4.10326,88
1757223240000,1757223299999,110655.0,110662.0,110655.0,110661.0,12.70844,64
1757223300000,1757223359999,110662.0,110662.0,110651.0,110651.0,2.57632,39
1757223360000,1757223419999,110652.0,110652.0,110646.0,110647.0,1.80769,42
1757223420000,1757223479999,110647.0,110647.0,110645.0,110646.0,0.58681,29
1757223480000,1757223539999,110646.0,110646.0,110638.0,110638.0,1.51257,34
1757223540000,1757223599999,110639.0,110639.0,110625.0,110625.0,0.84709,32
1757223600000,1757223659999,110626.0,110626.0,110620.0,110621.0,0.30286,31
1757223660000,1757223719999,110621.0,110621.0,110620.0,110621.0,0.14649,20
1757223720000,1757223779999,110621.0,110621.0,110620.0,110621.0,1.00038,34
1757223780000,1757223839999,110620.0,110621.0,110620.0,110620.0,1.48531,43
1757223840000,1757223899999,110621.0,110621.0,110620.0,110621.0,1.01945,30
1757223900000,1757223959999,110621.0,110621.0,110604.0,110604.0,4.06269,42
1757223960000,1757224019999,110605.0,110605.0,110595.0,110595.0,2.72728,30
1757224020000,1757224079999,110596.0,110600.0,110596.0,110599.0,0.34548,15
1757224080000,1757224139999,110600.0,110605.0,110600.0,110605.0,0.33714,22
1757224140000,1757224199999,110605.0,110605.0,110597.0,110597.0,0.51199,35
1757224200000,1757224259999,110598.0,110598.0,110597.0,110597.0,1.85744,23
1757224260000,1757224319999,110598.0,110598.0,110595.0,110596.0,0.38505,22
1757224320000,1757224379999,110596.0,110596.0,110595.0,110595.0,0.28804,13
1757224380000,1757224439999,110596.0,110596.0,110595.0,110595.0,0.10882,15
1757224440000,1757224499999,110595.0,110596.0,110589.0,110589.0,0.51105,36
1757224500000,1757224559999,110590.0,110590.0,110589.0,110589.0,0.08850,15
1757224560000,1757224619999,110590.0,110604.0,110590.0,110603.0,1.14391,33
1757224620000,1757224679999,110603.0,110613.0,110603.0,110613.0,1.91567,39
1757224680000,1757224739999,110613.0,110613.0,110612.0,110612.0,0.64467,18
1757224740000,1757224799999,110613.0,110613.0,110611.0,110611.0,1.44159,18
1757224800000,1757224859999,110612.0,110616.0,110611.0,110615.0,1.10382,36
1757224860000,1757224919999,110616.0,110616.0,110571.0,110572.0,3.08299,83
1757224920000,1757224979999,110572.0,110573.0,110572.0,110573.0,0.64769,23
1757224980000,1757225039999,110573.0,110573.0,110572.0,110572.0,0.07331,16
1757225040000,1757225099999,110573.0,110573.0,110572.0,110572.0,0.51348,24
1757225100000,1757225159999,110572.0,110579.0,110572.0,110578.0,5.30698,46
1757225160000,1757225219999,110579.0,110579.0,110574.0,110574.0,1.15448,24
1757225220000,1757225279999,110575.0,110575.0,110559.0,110559.0,0.58723,46
1757225280000,1757225339999,110560.0,110560.0,110550.0,110550.0,0.68707,28
1757225340000,1757225399999,110551.0,110551.0,110532.0,110550.0,0.55015,53
1757225400000,1757225459999,110551.0,110551.0,110550.0,110550.0,1.40505,27
1757225460000,1757225519999,110551.0,110551.0,110550.0,110551.0,4.49103,56
1757225520000,1757225579999,110550.0,110551.0,110550.0,110551.0,8.67743,65
1757225580000,1757225639999,110551.0,110551.0,110550.0,110551.0,9.92577,72
1757225640000,1757225699999,110551.0,110551.0,110550.0,110550.0,1.79581,32
1757225700000,1757225759999,110550.0,110551.0,110550.0,110550.0,1.42781,26
1757225760000,1757225819999,110551.0,110551.0,110548.0,110548.0,0.69134,19
1757225820000,1757225879999,110549.0,110549.0,110542.0,110542.0,1.02413,39
1757225880000,1757225939999,110542.0,110543.0,110542.0,110542.0,0.27098,15
1757225940000,1757225999999,110542.0,110543.0,110542.0,110543.0,0.80073,20
1757226000000,1757226059999,110542.0,110545.0,110542.0,110544.0,0.53565,23
1757226060000,1757226119999,110545.0,110545.0,110528.0,110528.0,0.98591,26
1757226120000,1757226179999,110529.0,110529.0,110526.0,110526.0,0.87477,34
1757226180000,1757226239999,110527.0,110527.0,110526.0,110526.0,0.80750,16
1757226240000,1757226299999,110527.0,110527.0,110526.0,110526.0,0.97644,26
1757226300000,1757226359999,110527.0,110527.0,110526.0,110526.0,0.50073,26
1757226360000,1757226419999,110526.0,110527.0,110526.0,110526.0,1.49629,33
1757226420000,1757226479999,110527.0,110527.0,110526.0,110526.0,0.07828,11
1757226480000,1757226539999,110527.0,110530.0,110527.0,110529.0,1.08107,27
1757226540000,1757226599999,110529.0,110530.0,110529.0,110529.0,0.93052,22
1757226600000,1757226659999,110529.0,110545.0,110529.0,110544.0,2.22859,34
1757226660000,1757226719999,110545.0,110545.0,110544.0,110544.0,0.96162,27
1757226720000,1757226779999,110545.0,110545.0,110544.0,110544.0,0.59153,26
1757226780000,1757226839999,110544.0,110545.0,110544.0,110544.0,0.43615,30
1757226840000,1757226899999,110544.0,110545.0,110544.0,110544.0,1.28510,29
1757226900000,1757226959999,110545.0,110546.0,110544.0,110545.0,2.80119,47
1757226960000,1757227019999,110544.0,110545.0,110544.0,110544.0,1.10849,35
1757227020000,1757227079999,110544.0,110545.0,110534.0,110534.0,1.26296,41
1757227080000,1757227139999,110535.0,110535.0,110530.0,110530.0,1.50667,32
1757227140000,1757227199999,110530.0,110530.0,110487.0,110487.0,1.19916,113
1757227200000,1757227259999,110487.0,110508.0,110487.0,110506.0,2.07348,76
1757227260000,1757227319999,110507.0,110507.0,110473.0,110473.0,1.01344,76
1757227320000,1757227379999,110474.0,110475.0,110473.0,110474.0,5.29981,52
1757227380000,1757227439999,110475.0,110475.0,110474.0,110474.0,1.26496,30
1757227440000,1757227499999,110474.0,110490.0,110474.0,110490.0,2.15587,48
1757227500000,1757227559999,110489.0,110490.0,110489.0,110489.0,1.34290,55
1757227560000,1757227619999,110490.0,110491.0,110489.0,110491.0,0.42032,39
1757227620000,1757227679999,110490.0,110504.0,110490.0,110503.0,1.00472,48
1757227680000,1757227739999,110503.0,110506.0,110487.0,110487.0,2.86306,70
1757227740000,1757227799999,110482.0,110482.0,110481.0,110482.0,2.20311,54
1757227800000,1757227859999,110482.0,110482.0,110481.0,110481.0,0.83959,40
1757227860000,1757227919999,110482.0,110499.0,110482.0,110488.0,1.26221,51
1757227920000,1757227979999,110488.0,110493.0,110487.0,110493.0,0.35087,30
1757227980000,1757228039999,110493.0,110493.0,110492.0,110493.0,0.85302,55
1757228040000,1757228099999,110493.0,110520.0,110492.0,110511.0,2.22320,96
1757228100000,1757228159999,110507.0,110507.0,110488.0,110489.0,0.94449,53
1757228160000,1757228219999,110489.0,110489.0,110477.0,110477.0,1.15670,46
1757228220000,1757228279999,110478.0,110478.0,110471.0,110472.0,0.54053,33
1757228280000,1757228339999,110472.0,110472.0,110389.0,110447.0,296.06793,966
1757228340000,1757228399999,110447.0,110448.0,110447.0,110448.0,1.19262,25
1757228400000,1757228459999,110447.0,110447.0,110434.0,110446.0,5.40673,78
1757228460000,1757228519999,110447.0,110492.0,110446.0,110492.0,3.04507,112
1757228520000,1757228579999,110491.0,110492.0,110483.0,110484.0,1.01961,60
1757228580000,1757228639999,110484.0,110484.0,110451.0,110451.0,1.86167,77
1757228640000,1757228699999,110451.0,110451.0,110440.0,110441.0,3.28015,61
1757228700000,1757228759999,110440.0,110461.0,110440.0,110461.0,3.35779,91
1757228760000,1757228819999,110460.0,110461.0,110447.0,110447.0,4.07462,57
1757228820000,1757228879999,110448.0,110461.0,110447.0,110461.0,0.24183,37
1757228880000,1757228939999,110466.0,110467.0,110439.0,110439.0,1.32018,51
1757228940000,1757228999999,110433.0,110433.0,110420.0,110421.0,1.32925,52
1757229000000,1757229059999,110428.0,110434.0,110422.0,110422.0,1.26578,52
1757229060000,1757229119999,110421.0,110422.0,110421.0,110422.0,2.03313,37
1757229120000,1757229179999,110422.0,110450.0,110421.0,110449.0,4.60635,114
1757229180000,1757229239999,110450.0,110456.0,110450.0,110455.0,1.66348,27
1757229240000,1757229299999,110455.0,110456.0,110455.0,110455.0,0.84846,40
1757229300000,1757229359999,110455.0,110477.0,110455.0,110476.0,1.78691,71
1757229360000,1757229419999,110477.0,110477.0,110476.0,110477.0,0.95561,33
1757229420000,1757229479999,110477.0,110477.0,110475.0,110476.0,0.26082,27
1757229480000,1757229539999,110476.0,110477.0,110475.0,110475.0,4.34266,43
1757229540000,1757229599999,110476.0,110476.0,110415.0,110418.0,7.90147,106
1757229600000,1757229659999,110421.0,110427.0,110420.0,110426.0,0.81388,32
1757229660000,1757229719999,110426.0,110439.0,110426.0,110438.0,0.68051,42
1757229720000,1757229779999,110439.0,110461.0,110438.0,110461.0,0.79704,59
1757229780000,1757229839999,110460.0,110473.0,110460.0,110470.0,25.16501,84
1757229840000,1757229899999,110471.0,110478.0,110470.0,110477.0,1.74380,44
1757229900000,1757229959999,110477.0,110486.0,110477.0,110485.0,0.40278,43
1757229960000,1757230019999,110486.0,110490.0,110485.0,110490.0,0.44216,42
1757230020000,1757230079999,110489.0,110515.0,110489.0,110500.0,1.85462,96
1757230080000,1757230139999,110500.0,110501.0,110493.0,110493.0,5.39381,55
1757230140000,1757230199999,110494.0,110645.0,110493.0,110620.0,11.62877,380
1757230200000,1757230259999,110620.0,110740.0,110620.0,110688.0,586.66434,1413
1757230260000,1757230319999,110688.0,110688.0,110674.0,110675.0,0.27205,46
1757230320000,1757230379999,110674.0,110694.0,110674.0,110694.0,2.70110,38
1757230380000,1757230439999,110693.0,110694.0,110693.0,110694.0,16.42198,64
1757230440000,1757230499999,110694.0,110709.0,110693.0,110709.0,2.62009,56
1757230500000,1757230559999,110709.0,110740.0,110708.0,110734.0,16.47269,127
1757230560000,1757230619999,110734.0,110735.0,110733.0,110734.0,4.10146,56
1757230620000,1757230679999,110735.0,110797.0,110735.0,110797.0,41.45795,304
1757230680000,1757230739999,110797.0,110799.0,110786.0,110786.0,4.89023,82
1757230740000,1757230799999,110786.0,110829.0,110775.0,110792.0,201.85933,572
1757230800000,1757230859999,110792.0,110796.0,110778.0,110779.0,5.67443,71
1757230860000,1757230919999,110779.0,110798.0,110778.0,110790.0,7.28548,52
1757230920000,1757230979999,110790.0,110791.0,110771.0,110773.0,2.47419,48
1757230980000,1757231039999,110773.0,110789.0,110773.0,110789.0,0.81791,40
1757231040000,1757231099999,110789.0,110789.0,110780.0,110781.0,0.62694,45
1757231100000,1757231159999,110780.0,110887.0,110780.0,110872.0,33.23829,341
1757231160000,1757231219999,110873.0,110888.0,110850.0,110851.0,25.41840,147
1757231220000,1757231279999,110850.0,110850.0,110744.0,110745.0,15.42742,382
1757231280000,1757231339999,110745.0,110745.0,110709.0,110710.0,5.19046,137
1757231340000,1757231399999,110709.0,110710.0,110705.0,110706.0,3.06381,60
1757231400000,1757231459999,110706.0,110718.0,110688.0,110689.0,4.75769,131
1757231460000,1757231519999,110689.0,110737.0,110689.0,110729.0,2.21713,74
1757231520000,1757231579999,110727.0,110727.0,110698.0,110699.0,1.12100,45
1757231580000,1757231639999,110699.0,110699.0,110698.0,110699.0,0.54646,23
1757231640000,1757231699999,110699.0,110710.0,110698.0,110699.0,0.83286,40
1757231700000,1757231759999,110700.0,110700.0,110686.0,110686.0,2.02631,44
1757231760000,1757231819999,110686.0,110687.0,110665.0,110673.0,24.41347,146
1757231820000,1757231879999,110673.0,110677.0,110670.0,110670.0,0.23709,32
1757231880000,1757231939999,110670.0,110695.0,110653.0,110679.0,64.36332,335
1757231940000,1757231999999,110680.0,110724.0,110680.0,110724.0,1.48276,89
1757232000000,1757232059999,110724.0,110730.0,110724.0,110730.0,2.78069,80
1757232060000,1757232119999,110729.0,110729.0,110712.0,110712.0,0.23576,51
1757232120000,1757232179999,110713.0,110735.0,110684.0,110712.0,6.04238,176
1757232180000,1757232239999,110712.0,110713.0,110697.0,110697.0,0.58169,46
1757232240000,1757232299999,110698.0,110830.0,110697.0,110807.0,12.35501,360
1757232300000,1757232359999,110807.0,110807.0,110790.0,110791.0,5.49254,118
1757232360000,1757232419999,110791.0,110791.0,110758.0,110758.0,2.96241,154
1757232420000,1757232479999,110759.0,110813.0,110759.0,110812.0,2.71417,118
1757232480000,1757232539999,110813.0,110818.0,110800.0,110800.0,4.84661,85
1757232540000,1757232599999,110801.0,110801.0,110794.0,110794.0,0.84603,35
1757232600000,1757232659999,110795.0,110801.0,110794.0,110800.0,0.95876,41
1757232660000,1757232719999,110800.0,110802.0,110800.0,110802.0,7.39173,59
1757232720000,1757232779999,110801.0,110817.0,110801.0,110817.0,12.37285,79
1757232780000,1757232839999,110817.0,110820.0,110816.0,110816.0,2.20428,42
1757232840000,1757232899999,110816.0,110817.0,110814.0,110814.0,3.90455,40
1757232900000,1757232959999,110815.0,110815.0,110805.0,110806.0,1.69718,35
1757232960000,1757233019999,110806.0,110875.0,110806.0,110875.0,4.58371,182
1757233020000,1757233079999,110875.0,110900.0,110874.0,110885.0,19.21615,195
1757233080000,1757233139999,110885.0,110912.0,110876.0,110901.0,8.64168,156
1757233140000,1757233199999,110900.0,110930.0,110883.0,110930.0,4.37659,179
1757233200000,1757233259999,110930.0,110944.0,110912.0,110937.0,9.84932,194
1757233260000,1757233319999,110940.0,110994.0,110939.0,110984.0,26.84399,301
1757233320000,1757233379999,110983.0,111141.0,110983.0,111046.0,48.84649,790
1757233380000,1757233439999,111046.0,111160.0,111024.0,111160.0,114.24237,499
1757233440000,1757233499999,111160.0,111190.0,111122.0,111171.0,57.20372,350
1757233500000,1757233559999,111172.0,111179.0,111134.0,111151.0,30.21115,195
1757233560000,1757233619999,111149.0,111227.0,111134.0,111221.0,42.41690,332
1757233620000,1757233679999,111221.0,111275.0,111210.0,111210.0,24.38367,336
1757233680000,1757233739999,111211.0,111211.0,111164.0,111165.0,7.01149,226
1757233740000,1757233799999,111164.0,111207.0,111164.0,111206.0,13.81958,241
1757233800000,1757233859999,111205.0,111318.0,111205.0,111237.0,33.11672,517
1757233860000,1757233919999,111236.0,111273.0,111186.0,111200.0,7.00192,272
1757233920000,1757233979999,111197.0,111261.0,111193.0,111222.0,9.19922,226
1757233980000,1757234039999,111222.0,111262.0,111222.0,111250.0,8.25540,160
1757234040000,1757234099999,111250.0,111263.0,111179.0,111179.0,8.30412,236
1757234100000,1757234159999,111179.0,111200.0,111147.0,111191.0,9.84809,266
1757234160000,1757234219999,111192.0,111192.0,111110.0,111124.0,10.15281,212
1757234220000,1757234279999,111119.0,111138.0,111118.0,111126.0,7.36303,114
1757234280000,1757234339999,111124.0,111139.0,111121.0,111137.0,1.46959,69
1757234340000,1757234399999,111137.0,111185.0,111136.0,111185.0,11.04886,159
1757234400000,1757234459999,111187.0,111244.0,111186.0,111244.0,4.38358,98
1757234460000,1757234519999,111243.0,111243.0,111214.0,111214.0,1.23949,59
1757234520000,1757234579999,111215.0,111235.0,111214.0,111214.0,1.45563,57
1757234580000,1757234639999,111214.0,111221.0,111169.0,111169.0,15.90256,128
1757234640000,1757234699999,111169.0,111169.0,111156.0,111156.0,8.54545,58
1757234700000,1757234759999,111156.0,111157.0,111125.0,111126.0,13.10041,101
1757234760000,1757234819999,111126.0,111126.0,111102.0,111117.0,2.35189,93
1757234820000,1757234879999,111117.0,111118.0,111097.0,111097.0,1.91947,56
1757234880000,1757234939999,111098.0,111098.0,111050.0,111054.0,5.02913,139
1757234940000,1757234999999,111054.0,111064.0,111050.0,111050.0,2.52486,46
1757235000000,1757235059999,111050.0,111059.0,111050.0,111059.0,1.93457,29
1757235060000,1757235119999,111059.0,111099.0,111058.0,111092.0,9.52840,77
1757235120000,1757235179999,111092.0,111092.0,111091.0,111091.0,0.65590,34
1757235180000,1757235239999,111090.0,111091.0,111057.0,111057.0,1.50476,61
1757235240000,1757235299999,111058.0,111058.0,111054.0,111055.0,2.18237,47
1757235300000,1757235359999,111055.0,111055.0,111025.0,111025.0,2.31609,54
1757235360000,1757235419999,111026.0,111026.0,111020.0,111020.0,0.69141,26
1757235420000,1757235479999,111021.0,111021.0,111018.0,111018.0,4.16268,51
1757235480000,1757235539999,111019.0,111019.0,111015.0,111015.0,0.78348,31
1757235540000,1757235599999,111016.0,111051.0,111015.0,111044.0,39.23828,219
1757235600000,1757235659999,111044.0,111044.0,111033.0,111040.0,0.98256,68
1757235660000,1757235719999,111040.0,111040.0,111020.0,111020.0,3.54304,47
1757235720000,1757235779999,111020.0,111021.0,110993.0,110994.0,4.13643,119
1757235780000,1757235839999,110994.0,111021.0,110994.0,111021.0,2.04236,63
1757235840000,1757235899999,111021.0,111021.0,111015.0,111015.0,0.83878,22
1757235900000,1757235959999,111016.0,111093.0,111003.0,111044.0,8.05208,177
1757235960000,1757236019999,111044.0,111055.0,111036.0,111054.0,1.00193,26
1757236020000,1757236079999,111055.0,111097.0,111054.0,111066.0,2.46579,83
1757236080000,1757236139999,111067.0,111094.0,111066.0,111094.0,0.97340,44
1757236140000,1757236199999,111094.0,111095.0,111082.0,111082.0,0.54742,46
1757236200000,1757236259999,111083.0,111124.0,111082.0,111120.0,0.66716,49
1757236260000,1757236319999,111120.0,111182.0,111120.0,111167.0,14.15144,136
1757236320000,1757236379999,111166.0,111188.0,111162.0,111170.0,5.54386,55
1757236380000,1757236439999,111171.0,111171.0,111162.0,111168.0,10.49554,55
1757236440000,1757236499999,111168.0,111168.0,111167.0,111167.0,2.24599,36
1757236500000,1757236559999,111163.0,111164.0,111154.0,111163.0,4.11772,79
1757236560000,1757236619999,111164.0,111175.0,111154.0,111175.0,1.75257,50
1757236620000,1757236679999,111187.0,111217.0,111186.0,111211.0,3.84116,100
1757236680000,1757236739999,111210.0,111211.0,111199.0,111203.0,1.25168,63
1757236740000,1757236799999,111193.0,111215.0,111192.0,111204.0,1.14373,60
1757236800000,1757236859999,111205.0,111205.0,111180.0,111180.0,4.55598,84
1757236860000,1757236919999,111181.0,111181.0,111177.0,111178.0,2.54107,49
1757236920000,1757236979999,111177.0,111203.0,111177.0,111202.0,3.71388,70
1757236980000,1757237039999,111203.0,111203.0,111202.0,111202.0,1.04729,24
1757237040000,1757237099999,111203.0,111203.0,111194.0,111194.0,8.11280,57
1757237100000,1757237159999,111194.0,111204.0,111185.0,111185.0,17.65652,107
1757237160000,1757237219999,111186.0,111186.0,111153.0,111154.0,9.18011,155
1757237220000,1757237279999,111153.0,111154.0,111125.0,111128.0,11.74482,158
1757237280000,1757237339999,111130.0,111152.0,111130.0,111146.0,4.50185,100
1757237340000,1757237399999,111146.0,111150.0,111145.0,111146.0,0.66134,36
1757237400000,1757237459999,111145.0,111152.0,111132.0,111132.0,5.92683,60
1757237460000,1757237519999,111131.0,111132.0,111095.0,111105.0,4.41879,127
1757237520000,1757237579999,111095.0,111121.0,111061.0,111061.0,2.67790,90
1757237580000,1757237639999,111062.0,111080.0,111056.0,111056.0,157.44421,433
1757237640000,1757237699999,111056.0,111061.0,110999.0,111012.0,156.43276,441
1757237700000,1757237759999,111013.0,111016.0,111012.0,111014.0,2.01983,44
1757237760000,1757237819999,111014.0,111014.0,111010.0,111011.0,0.62813,44
1757237820000,1757237879999,111011.0,111011.0,111004.0,111004.0,0.44770,34
1757237880000,1757237939999,111005.0,111005.0,110995.0,110996.0,2.04597,51
1757237940000,1757237999999,110995.0,110996.0,110941.0,110942.0,3.31250,147
1757238000000,1757238059999,110943.0,110991.0,110900.0,110969.0,7.24255,167
1757238060000,1757238119999,110969.0,110969.0,110947.0,110948.0,1.02765,53
1757238120000,1757238179999,110948.0,110958.0,110947.0,110957.0,15.78425,89
1757238180000,1757238239999,110958.0,110958.0,110939.0,110940.0,2.65909,60
1757238240000,1757238299999,110940.0,110941.0,110940.0,110940.0,1.14617,43
1757238300000,1757238359999,110941.0,110941.0,110939.0,110939.0,1.37922,39
1757238360000,1757238419999,110940.0,110940.0,110829.0,110902.0,17.19316,329
1757238420000,1757238479999,110901.0,110906.0,110897.0,110905.0,1.44726,47
1757238480000,1757238539999,110906.0,110921.0,110905.0,110917.0,3.30015,62
1757238540000,1757238599999,110918.0,110923.0,110918.0,110923.0,1.08489,41
1757238600000,1757238659999,110922.0,110960.0,110922.0,110956.0,3.88815,61
1757238660000,1757238719999,110956.0,111026.0,110956.0,111026.0,4.71137,152
1757238720000,1757238779999,111026.0,111113.0,111025.0,111106.0,5.26095,232
1757238780000,1757238839999,111098.0,111110.0,111075.0,111101.0,2.01268,88
1757238840000,1757238899999,111100.0,111100.0,111030.0,111035.0,0.93017,73
1757238900000,1757238959999,111036.0,111039.0,111011.0,111015.0,0.90431,40
1757238960000,1757239019999,111015.0,111033.0,111015.0,111033.0,2.48938,59
1757239020000,1757239079999,111033.0,111057.0,111033.0,111056.0,0.99494,28
1757239080000,1757239139999,111057.0,111057.0,111038.0,111040.0,1.35846,36
1757239140000,1757239199999,111041.0,111081.0,111041.0,111081.0,1.93014,63
1757239200000,1757239259999,111082.0,111083.0,111081.0,111083.0,1.78509,71
1757239260000,1757239319999,111082.0,111083.0,111082.0,111082.0,2.62441,73
1757239320000,1757239379999,111082.0,111100.0,111082.0,111099.0,3.84359,71
1757239380000,1757239439999,111098.0,111099.0,111078.0,111084.0,4.82050,88
1757239440000,1757239499999,111084.0,111106.0,111083.0,111098.0,16.55368,111
1757239500000,1757239559999,111099.0,111099.0,111056.0,111059.0,1.84364,81
1757239560000,1757239619999,111059.0,111060.0,111037.0,111037.0,3.03660,80
1757239620000,1757239679999,111038.0,111055.0,111037.0,111055.0,0.51530,32
1757239680000,1757239739999,111054.0,111067.0,111054.0,111066.0,0.62946,42
1757239740000,1757239799999,111066.0,111079.0,111066.0,111066.0,1.03203,56
1757239800000,1757239859999,111066.0,111067.0,111066.0,111066.0,8.03592,43
1757239860000,1757239919999,111066.0,111162.0,111066.0,111142.0,211.88018,859
1757239920000,1757239979999,111142.0,111149.0,111142.0,111148.0,2.08202,114
1757239980000,1757240039999,111148.0,111149.0,111148.0,111148.0,1.56018,33
1757240040000,1757240099999,111148.0,111171.0,111148.0,111152.0,4.95703,101
1757240100000,1757240159999,111152.0,111159.0,111113.0,111113.0,1.67154,121
1757240160000,1757240219999,111114.0,111137.0,111114.0,111118.0,5.69445,72
1757240220000,1757240279999,111118.0,111131.0,111118.0,111130.0,3.68076,60
1757240280000,1757240339999,111130.0,111131.0,111130.0,111130.0,15.81468,68
1757240340000,1757240399999,111131.0,111136.0,111130.0,111135.0,1.80229,40
1757240400000,1757240459999,111136.0,111136.0,111135.0,111135.0,1.30572,43
1757240460000,1757240519999,111135.0,111136.0,111092.0,111094.0,0.79467,88
1757240520000,1757240579999,111094.0,111095.0,111061.0,111061.0,3.55830,122
1757240580000,1757240639999,111061.0,111065.0,111055.0,111055.0,2.77522,74
1757240640000,1757240699999,111055.0,111056.0,111013.0,111013.0,0.99712,133
1757240700000,1757240759999,111013.0,111014.0,111013.0,111013.0,1.26025,52
1757240760000,1757240819999,111013.0,111014.0,111013.0,111013.0,0.51087,53
1757240820000,1757240879999,111014.0,111014.0,111013.0,111013.0,0.71146,52
1757240880000,1757240939999,111013.0,111013.0,111012.0,111012.0,2.08685,41
1757240940000,1757240999999,111012.0,111013.0,111006.0,111006.0,0.99760,56
1757241000000,1757241059999,111006.0,111034.0,111006.0,111034.0,9.77930,70
1757241060000,1757241119999,111033.0,111068.0,111033.0,111068.0,1.65633,69
1757241120000,1757241179999,111067.0,111082.0,111067.0,111081.0,1.77174,53
1757241180000,1757241239999,111081.0,111090.0,111081.0,111081.0,1.88915,63
1757241240000,1757241299999,111081.0,111091.0,111081.0,111090.0,0.96986,37
1757241300000,1757241359999,111090.0,111091.0,111090.0,111090.0,1.00605,40
1757241360000,1757241419999,111091.0,111108.0,111090.0,111108.0,1.16715,57
1757241420000,1757241479999,111108.0,111108.0,111107.0,111107.0,0.49411,27
1757241480000,1757241539999,111107.0,111129.0,111107.0,111121.0,3.38923,77
1757241540000,1757241599999,111121.0,111121.0,111104.0,111104.0,4.26108,47
1757241600000,1757241659999,111105.0,111113.0,111104.0,111113.0,3.39093,68
1757241660000,1757241719999,111115.0,111126.0,111115.0,111126.0,0.97075,41
1757241720000,1757241779999,111126.0,111149.0,111125.0,111149.0,6.81190,87
1757241780000,1757241839999,111149.0,111149.0,111132.0,111132.0,0.39984,45
1757241840000,1757241899999,111132.0,111141.0,111132.0,111140.0,6.17754,54
1757241900000,1757241959999,111141.0,111141.0,111100.0,111101.0,1.54837,82
1757241960000,1757242019999,111101.0,111118.0,111100.0,111118.0,0.51533,32
1757242020000,1757242079999,111120.0,111122.0,111080.0,111080.0,45.71572,199
1757242080000,1757242139999,111080.0,111083.0,111080.0,111083.0,2.71938,37
1757242140000,1757242199999,111083.0,111094.0,111082.0,111093.0,2.75696,38
1757242200000,1757242259999,111093.0,111100.0,111093.0,111100.0,0.46875,21
1757242260000,1757242319999,111100.0,111119.0,111099.0,111119.0,10.23594,68
1757242320000,1757242379999,111119.0,111119.0,111118.0,111119.0,0.80363,36
1757242380000,1757242439999,111119.0,111119.0,111118.0,111118.0,0.12740,20
1757242440000,1757242499999,111118.0,111119.0,111118.0,111119.0,0.38925,24
1757242500000,1757242559999,111119.0,111119.0,111118.0,111119.0,5.80155,42
1757242560000,1757242619999,111118.0,111119.0,111118.0,111118.0,1.73941,17
1757242620000,1757242679999,111118.0,111133.0,111118.0,111127.0,13.10558,62
1757242680000,1757242739999,111127.0,111142.0,111127.0,111138.0,52.51696,187
1757242740000,1757242799999,111138.0,111202.0,111136.0,111187.0,9.34418,203
1757242800000,1757242859999,111188.0,111225.0,111187.0,111209.0,23.66165,210
1757242860000,1757242919999,111210.0,111212.0,111190.0,111203.0,2.22136,72
1757242920000,1757242979999,111204.0,111205.0,111197.0,111205.0,0.81169,39
1757242980000,1757243039999,111205.0,111225.0,111204.0,111225.0,1.64041,53
1757243040000,1757243099999,111226.0,111227.0,111225.0,111227.0,1.55377,41
1757243100000,1757243159999,111227.0,111264.0,111181.0,111203.0,8.49792,279
1757243160000,1757243219999,111202.0,111203.0,111200.0,111201.0,0.72986,23
1757243220000,1757243279999,111201.0,111201.0,111172.0,111172.0,1.43154,40
1757243280000,1757243339999,111172.0,111178.0,111166.0,111172.0,13.25641,76
1757243340000,1757243399999,111173.0,111193.0,111173.0,111182.0,0.98069,34
1757243400000,1757243459999,111180.0,111180.0,111175.0,111175.0,1.64656,52
1757243460000,1757243519999,111176.0,111180.0,111175.0,111180.0,0.35569,25
1757243520000,1757243579999,111180.0,111211.0,111180.0,111211.0,0.68129,43
1757243580000,1757243639999,111211.0,111223.0,111210.0,111223.0,1.58175,42
1757243640000,1757243699999,111223.0,111224.0,111223.0,111223.0,1.36950,33
1757243700000,1757243759999,111224.0,111224.0,111221.0,111221.0,0.41597,28
1757243760000,1757243819999,111221.0,111222.0,111218.0,111218.0,0.79120,30
1757243820000,1757243879999,111219.0,111219.0,111202.0,111212.0,30.53415,103
1757243880000,1757243939999,111212.0,111213.0,111200.0,111200.0,18.11149,88
1757243940000,1757243999999,111200.0,111200.0,111194.0,111194.0,16.58500,78
1757244000000,1757244059999,111194.0,111199.0,111194.0,111198.0,15.36050,73
1757244060000,1757244119999,111199.0,111227.0,111198.0,111227.0,4.25915,77
1757244120000,1757244179999,111228.0,111258.0,111227.0,111244.0,16.07105,113
1757244180000,1757244239999,111244.0,111245.0,111243.0,111245.0,0.46864,23
1757244240000,1757244299999,111244.0,111250.0,111231.0,111231.0,9.82484,76
1757244300000,1757244359999,111231.0,111235.0,111231.0,111234.0,0.66738,27
1757244360000,1757244419999,111235.0,111235.0,111231.0,111231.0,0.64627,24
1757244420000,1757244479999,111232.0,111232.0,111209.0,111213.0,32.95766,141
1757244480000,1757244539999,111213.0,111218.0,111213.0,111218.0,13.97200,68
1757244540000,1757244599999,111218.0,111223.0,111217.0,111222.0,2.06268,29
1757244600000,1757244659999,111223.0,111229.0,111222.0,111229.0,0.81439,43
1757244660000,1757244719999,111229.0,111247.0,111229.0,111241.0,5.69242,87
1757244720000,1757244779999,111241.0,111244.0,111238.0,111238.0,1.65121,54
1757244780000,1757244839999,111239.0,111239.0,111238.0,111239.0,0.70079,23
1757244840000,1757244899999,111238.0,111239.0,111231.0,111233.0,6.60035,75
1757244900000,1757244959999,111232.0,111232.0,111208.0,111209.0,5.37305,69
1757244960000,1757245019999,111209.0,111209.0,111136.0,111136.0,3.33076,150
1757245020000,1757245079999,111137.0,111159.0,111137.0,111159.0,1.60128,59
1757245080000,1757245139999,111158.0,111179.0,111158.0,111179.0,0.94721,50
1757245140000,1757245199999,111179.0,111179.0,111178.0,111178.0,0.37213,25
1757245200000,1757245259999,111179.0,111186.0,111178.0,111182.0,8.46275,70
1757245260000,1757245319999,111182.0,111190.0,111181.0,111190.0,0.13715,31
1757245320000,1757245379999,111190.0,111203.0,111190.0,111202.0,1.18310,78
1757245380000,1757245439999,111202.0,111220.0,111193.0,111220.0,5.87580,62
1757245440000,1757245499999,111221.0,111226.0,111221.0,111225.0,3.56845,45
1757245500000,1757245559999,111226.0,111226.0,111223.0,111223.0,0.56340,19
1757245560000,1757245619999,111223.0,111223.0,111210.0,111210.0,2.11087,30
1757245620000,1757245679999,111211.0,111211.0,111190.0,111190.0,1.84405,32
1757245680000,1757245739999,111191.0,111191.0,111190.0,111191.0,1.19117,17
1757245740000,1757245799999,111192.0,111220.0,111192.0,111219.0,5.18212,58
1757245800000,1757245859999,111220.0,111220.0,111219.0,111219.0,0.12925,9
1757245860000,1757245919999,111220.0,111220.0,111219.0,111219.0,0.41858,13
1757245920000,1757245979999,111219.0,111220.0,111219.0,111219.0,0.81246,22
1757245980000,1757246039999,111220.0,111242.0,111219.0,111241.0,0.77469,57
1757246040000,1757246099999,111241.0,111241.0,111227.0,111227.0,0.85521,28
1757246100000,1757246159999,111228.0,111228.0,111226.0,111226.0,4.93904,25
1757246160000,1757246219999,111224.0,111224.0,111223.0,111223.0,0.41671,9
1757246220000,1757246279999,111223.0,111225.0,111223.0,111224.0,1.03593,19
1757246280000,1757246339999,111225.0,111237.0,111225.0,111237.0,1.77739,35
1757246340000,1757246399999,111237.0,111258.0,111236.0,111258.0,6.19550,60
1757246400000,1757246459999,111258.0,111260.0,111247.0,111247.0,2.67232,68
1757246460000,1757246519999,111248.0,111255.0,111247.0,111254.0,1.43073,37
1757246520000,1757246579999,111255.0,111260.0,111255.0,111259.0,3.54412,49
1757246580000,1757246639999,111259.0,111259.0,111251.0,111251.0,1.41072,37
1757246640000,1757246699999,111252.0,111252.0,111248.0,111249.0,8.87255,46
1757246700000,1757246759999,111248.0,111249.0,111248.0,111248.0,0.33464,11
1757246760000,1757246819999,111249.0,111249.0,111248.0,111249.0,0.76277,15
1757246820000,1757246879999,111249.0,111249.0,111231.0,111231.0,1.54314,31
1757246880000,1757246939999,111231.0,111232.0,111174.0,111174.0,4.92104,123
1757246940000,1757246999999,111175.0,111175.0,111163.0,111163.0,20.95786,88
1757247000000,1757247059999,111163.0,111164.0,111119.0,111120.0,37.06153,208
1757247060000,1757247119999,111119.0,111119.0,111071.0,111095.0,23.90178,186
1757247120000,1757247179999,111094.0,111140.0,111094.0,111139.0,33.88033,173
1757247180000,1757247239999,111139.0,111140.0,111127.0,111128.0,17.30825,108
1757247240000,1757247299999,111127.0,111127.0,111098.0,111099.0,17.11137,111
1757247300000,1757247359999,111098.0,111099.0,111070.0,111070.0,16.76821,112
1757247360000,1757247419999,111070.0,111070.0,111019.0,111020.0,147.96056,479
1757247420000,1757247479999,111020.0,111060.0,111019.0,111049.0,5.45804,98
1757247480000,1757247539999,111049.0,111057.0,111049.0,111057.0,1.15639,30
1757247540000,1757247599999,111057.0,111057.0,111028.0,111028.0,2.21319,50
1757247600000,1757247659999,111029.0,111039.0,111028.0,111039.0,2.86062,35
1757247660000,1757247719999,111039.0,111039.0,111030.0,111031.0,1.77851,30
1757247720000,1757247779999,111030.0,111031.0,111030.0,111031.0,1.73865,25
1757247780000,1757247839999,111030.0,111044.0,111030.0,111043.0,1.47719,57
1757247840000,1757247899999,111044.0,111063.0,111043.0,111063.0,4.18129,56
1757247900000,1757247959999,111063.0,111063.0,111060.0,111061.0,1.08931,33
1757247960000,1757248019999,111061.0,111061.0,111060.0,111061.0,1.18240,26
1757248020000,1757248079999,111060.0,111061.0,111060.0,111060.0,0.22164,14
1757248080000,1757248139999,111061.0,111085.0,111061.0,111085.0,8.74244,68
1757248140000,1757248199999,111084.0,111090.0,111079.0,111079.0,0.35897,11
1757248200000,1757248259999,111078.0,111110.0,111078.0,111081.0,0.25745,57
1757248260000,1757248319999,111081.0,111081.0,111080.0,111080.0,2.24944,31
1757248320000,1757248379999,111081.0,111117.0,111081.0,111104.0,6.76558,85
1757248380000,1757248439999,111104.0,111104.0,111100.0,111101.0,0.26782,16
1757248440000,1757248499999,111101.0,111101.0,111100.0,111100.0,0.73121,21
1757248500000,1757248559999,111101.0,111115.0,111101.0,111115.0,0.80897,37
1757248560000,1757248619999,111115.0,111118.0,111114.0,111117.0,1.15164,21
1757248620000,1757248679999,111117.0,111119.0,111117.0,111119.0,2.54127,26
1757248680000,1757248739999,111119.0,111124.0,111119.0,111124.0,0.64038,34
1757248740000,1757248799999,111124.0,111181.0,111124.0,111142.0,1.07535,133
1757248800000,1757248859999,111142.0,111142.0,111117.0,111117.0,3.04863,64
1757248860000,1757248919999,111117.0,111117.0,111113.0,111113.0,0.51334,27
1757248920000,1757248979999,111113.0,111114.0,111113.0,111114.0,0.74980,23
1757248980000,1757249039999,111113.0,111114.0,111113.0,111114.0,0.52827,34
1757249040000,1757249099999,111113.0,111114.0,111113.0,111113.0,1.04240,21
1757249100000,1757249159999,111113.0,111114.0,111106.0,111106.0,2.43721,42
1757249160000,1757249219999,111106.0,111107.0,111102.0,111102.0,1.49794,39
1757249220000,1757249279999,111102.0,111103.0,111061.0,111072.0,1.77055,121
1757249280000,1757249339999,111072.0,111076.0,111026.0,111037.0,1.31493,83
1757249340000,1757249399999,111037.0,111050.0,111037.0,111049.0,1.95380,52
1757249400000,1757249459999,111049.0,111054.0,111049.0,111054.0,0.33540,18
1757249460000,1757249519999,111053.0,111054.0,111053.0,111054.0,0.81812,22
1757249520000,1757249579999,111053.0,111054.0,111053.0,111054.0,3.91188,37
1757249580000,1757249639999,111053.0,111054.0,111053.0,111054.0,1.32766,31
1757249640000,1757249699999,111053.0,111063.0,111053.0,111062.0,3.10955,57
1757249700000,1757249759999,111062.0,111063.0,111062.0,111063.0,0.34122,18
1757249760000,1757249819999,111062.0,111066.0,111062.0,111065.0,1.02107,45
1757249820000,1757249879999,111065.0,111066.0,111057.0,111058.0,3.54972,41
1757249880000,1757249939999,111057.0,111058.0,111057.0,111057.0,3.11615,32
1757249940000,1757249999999,111057.0,111058.0,111057.0,111058.0,0.26028,20
1757250000000,1757250059999,111059.0,111069.0,111059.0,111068.0,0.36409,46
1757250060000,1757250119999,111068.0,111068.0,111066.0,111067.0,0.55286,41
1757250120000,1757250179999,111066.0,111067.0,111066.0,111067.0,1.30304,41
1757250180000,1757250239999,111066.0,111067.0,111066.0,111067.0,0.28505,31
1757250240000,1757250299999,111066.0,111067.0,111066.0,111066.0,2.21026,46
1757250300000,1757250359999,111066.0,111067.0,111066.0,111066.0,1.07444,47
1757250360000,1757250419999,111066.0,111067.0,111066.0,111067.0,1.01801,47
1757250420000,1757250479999,111066.0,111067.0,111042.0,111043.0,7.69186,99
1757250480000,1757250539999,111047.0,111052.0,111047.0,111051.0,2.65878,59
1757250540000,1757250599999,111051.0,111064.0,111051.0,111064.0,1.10896,55
1757250600000,1757250659999,111063.0,111064.0,111063.0,111064.0,0.93070,40
1757250660000,1757250719999,111063.0,111064.0,111053.0,111053.0,0.78776,45
1757250720000,1757250779999,111053.0,111054.0,111053.0,111054.0,0.49544,45
1757250780000,1757250839999,111053.0,111055.0,111053.0,111054.0,12.09276,66
1757250840000,1757250899999,111054.0,111055.0,111038.0,111038.0,2.30092,60
1757250900000,1757250959999,111038.0,111039.0,111010.0,111011.0,3.61362,103
1757250960000,1757251019999,111010.0,111011.0,111000.0,111000.0,4.06288,82
1757251020000,1757251079999,110999.0,111026.0,110999.0,111025.0,2.93541,52
1757251080000,1757251139999,111025.0,111060.0,111025.0,111060.0,5.50683,80
1757251140000,1757251199999,111059.0,111060.0,111037.0,111037.0,3.97482,81
1757251200000,1757251259999,111037.0,111038.0,111023.0,111024.0,1.86711,64
1757251260000,1757251319999,111023.0,111024.0,111000.0,111000.0,1.32644,84
1757251320000,1757251379999,111000.0,111001.0,110996.0,110997.0,6.13786,88
1757251380000,1757251439999,110996.0,111021.0,110996.0,111021.0,1.37725,83
1757251440000,1757251499999,111020.0,111021.0,111020.0,111020.0,4.67161,64
1757251500000,1757251559999,111020.0,111021.0,111020.0,111021.0,0.21214,33
1757251560000,1757251619999,111020.0,111059.0,111020.0,111059.0,1.84634,90
1757251620000,1757251679999,111058.0,111059.0,111054.0,111055.0,1.78459,61
1757251680000,1757251739999,111054.0,111056.0,111054.0,111056.0,1.23320,45
1757251740000,1757251799999,111055.0,111058.0,111055.0,111058.0,1.11957,34
1757251800000,1757251859999,111057.0,111058.0,111057.0,111058.0,6.27562,84
1757251860000,1757251919999,111057.0,111064.0,111057.0,111064.0,8.11557,90
1757251920000,1757251979999,111064.0,111095.0,111064.0,111095.0,3.70166,92
1757251980000,1757252039999,111094.0,111128.0,111094.0,111127.0,5.79170,105
1757252040000,1757252099999,111127.0,111133.0,111127.0,111132.0,1.38284,64
1757252100000,1757252159999,111132.0,111149.0,111132.0,111149.0,1.87748,69
1757252160000,1757252219999,111148.0,111178.0,111147.0,111173.0,3.06890,102
1757252220000,1757252279999,111172.0,111178.0,111172.0,111178.0,1.79891,54
1757252280000,1757252339999,111178.0,111179.0,111165.0,111165.0,1.35006,62
1757252340000,1757252399999,111165.0,111166.0,111165.0,111166.0,0.56108,48
1757252400000,1757252459999,111165.0,111197.0,111165.0,111190.0,12.48178,103
1757252460000,1757252519999,111190.0,111191.0,111149.0,111158.0,11.85759,108
1757252520000,1757252579999,111158.0,111159.0,111133.0,111136.0,2.08777,105
1757252580000,1757252639999,111136.0,111139.0,111136.0,111139.0,0.29009,48
1757252640000,1757252699999,111139.0,111147.0,111139.0,111146.0,0.81909,46
1757252700000,1757252759999,111146.0,111161.0,111146.0,111151.0,0.24026,52
1757252760000,1757252819999,111151.0,111152.0,111140.0,111141.0,4.02280,78
1757252820000,1757252879999,111140.0,111141.0,111140.0,111141.0,9.61244,90
1757252880000,1757252939999,111140.0,111141.0,111140.0,111140.0,0.80911,52
1757252940000,1757252999999,111140.0,111144.0,111139.0,111143.0,4.11968,64
1757253000000,1757253059999,111143.0,111176.0,111143.0,111175.0,0.81273,84
1757253060000,1757253119999,111175.0,111176.0,111139.0,111139.0,1.70858,64
1757253120000,1757253179999,111139.0,111140.0,111126.0,111126.0,3.19693,80
1757253180000,1757253239999,111126.0,111142.0,111123.0,111142.0,0.98028,68
1757253240000,1757253299999,111141.0,111142.0,111093.0,111093.0,0.76448,77
1757253300000,1757253359999,111092.0,111099.0,111091.0,111098.0,4.84802,101
1757253360000,1757253419999,111098.0,111105.0,111098.0,111105.0,4.00505,77
1757253420000,1757253479999,111098.0,111128.0,111098.0,111127.0,0.30014,61
1757253480000,1757253539999,111127.0,111162.0,111127.0,111162.0,11.80452,132
1757253540000,1757253599999,111161.0,111162.0,111161.0,111162.0,0.46196,57
1757253600000,1757253659999,111161.0,111192.0,111161.0,111191.0,12.87116,124
1757253660000,1757253719999,111190.0,111191.0,111179.0,111179.0,1.68585,75
1757253720000,1757253779999,111179.0,111180.0,111156.0,111162.0,3.00257,74
1757253780000,1757253839999,111161.0,111162.0,111139.0,111151.0,1.68285,78
1757253840000,1757253899999,111151.0,111155.0,111114.0,111149.0,2.01295,129
1757253900000,1757253959999,111141.0,111202.0,111141.0,111202.0,12.35470,165
1757253960000,1757254019999,111201.0,111203.0,111194.0,111203.0,4.09035,71
1757254020000,1757254079999,111202.0,111230.0,111202.0,111230.0,8.18810,87
1757254080000,1757254139999,111234.0,111312.0,111234.0,111298.0,12.09051,359
1757254140000,1757254199999,111298.0,111365.0,111293.0,111350.0,24.13891,476
1757254200000,1757254259999,111350.0,111351.0,111227.0,111230.0,8.02819,205
1757254260000,1757254319999,111230.0,111231.0,111160.0,111160.0,3.51496,167
1757254320000,1757254379999,111160.0,111161.0,111060.0,111065.0,19.14052,206
1757254380000,1757254439999,111064.0,111150.0,111064.0,111124.0,34.79925,244
1757254440000,1757254499999,111124.0,111125.0,111083.0,111101.0,9.94075,111
1757254500000,1757254559999,111102.0,111150.0,111102.0,111150.0,1.04461,111
1757254560000,1757254619999,111150.0,111157.0,111142.0,111145.0,1.49040,75
1757254620000,1757254679999,111145.0,111146.0,111118.0,111118.0,0.85069,66
1757254680000,1757254739999,111118.0,111119.0,111060.0,111078.0,24.64499,195
1757254740000,1757254799999,111078.0,111096.0,111031.0,111031.0,5.52891,127
1757254800000,1757254859999,111030.0,111063.0,111000.0,111062.0,4.44053,158
1757254860000,1757254919999,111062.0,111088.0,111062.0,111088.0,1.32948,63
1757254920000,1757254979999,111088.0,111089.0,111079.0,111079.0,7.30579,75
1757254980000,1757255039999,111079.0,111099.0,111079.0,111083.0,91.66028,200
1757255040000,1757255099999,111083.0,111103.0,111083.0,111102.0,3.04490,65
1757255100000,1757255159999,111102.0,111103.0,111089.0,111089.0,5.08537,74
1757255160000,1757255219999,111089.0,111090.0,111089.0,111089.0,0.93139,43
1757255220000,1757255279999,111089.0,111090.0,111087.0,111087.0,3.32421,59
1757255280000,1757255339999,111087.0,111088.0,111079.0,111079.0,8.44051,83
1757255340000,1757255399999,111079.0,111080.0,111079.0,111079.0,8.52718,78
1757255400000,1757255459999,111079.0,111095.0,111079.0,111095.0,5.02812,80
1757255460000,1757255519999,111094.0,111128.0,111084.0,111084.0,10.06853,184
1757255520000,1757255579999,111084.0,111085.0,111081.0,111081.0,6.64482,88
1757255580000,1757255639999,111081.0,111082.0,111081.0,111081.0,0.67917,52
1757255640000,1757255699999,111081.0,111100.0,111081.0,111095.0,6.95824,129
1757255700000,1757255759999,111095.0,111102.0,111095.0,111102.0,0.96715,66
1757255760000,1757255819999,111101.0,111102.0,111082.0,111083.0,2.61942,80
1757255820000,1757255879999,111082.0,111110.0,111082.0,111110.0,3.29275,115
1757255880000,1757255939999,111109.0,111110.0,111109.0,111109.0,0.82349,59
1757255940000,1757255999999,111109.0,111111.0,111109.0,111110.0,1.96349,66
1757256000000,1757256059999,111110.0,111152.0,111110.0,111151.0,21.19744,203
1757256060000,1757256119999,111151.0,111196.0,111151.0,111196.0,2.51957,214
1757256120000,1757256179999,111195.0,111202.0,111195.0,111200.0,1.72764,98
1757256180000,1757256239999,111200.0,111201.0,111170.0,111171.0,1.39832,96
1757256240000,1757256299999,111170.0,111199.0,111153.0,111199.0,3.39371,150
1757256300000,1757256359999,111198.0,111199.0,111192.0,111192.0,2.46848,79
1757256360000,1757256419999,111192.0,111193.0,111093.0,111106.0,1.49343,191
1757256420000,1757256479999,111106.0,111107.0,111094.0,111101.0,2.16492,78
1757256480000,1757256539999,111101.0,111135.0,111101.0,111115.0,1.99558,133
1757256540000,1757256599999,111115.0,111116.0,111100.0,111116.0,4.10614,107
1757256600000,1757256659999,111116.0,111117.0,111100.0,111100.0,1.64483,82
1757256660000,1757256719999,111100.0,111101.0,111100.0,111100.0,0.27888,43
1757256720000,1757256779999,111100.0,111101.0,111084.0,111085.0,3.09975,76
1757256780000,1757256839999,111084.0,111085.0,111084.0,111084.0,1.30643,68
1757256840000,1757256899999,111084.0,111085.0,111050.0,111052.0,9.63822,137
1757256900000,1757256959999,111052.0,111080.0,111052.0,111080.0,0.82964,88
1757256960000,1757257019999,111079.0,111081.0,111079.0,111081.0,1.40098,72
1757257020000,1757257079999,111081.0,111089.0,111081.0,111088.0,1.45356,76
1757257080000,1757257139999,111088.0,111096.0,111086.0,111086.0,1.93915,72
1757257140000,1757257199999,111086.0,111087.0,111085.0,111085.0,1.14377,45
1757257200000,1757257259999,111085.0,111086.0,111085.0,111085.0,0.96496,53
1757257260000,1757257319999,111085.0,111087.0,111056.0,111059.0,15.05943,128
1757257320000,1757257379999,111059.0,111074.0,111059.0,111073.0,1.70875,60
1757257380000,1757257439999,111073.0,111074.0,111071.0,111071.0,1.40855,34
1757257440000,1757257499999,111071.0,111088.0,111071.0,111087.0,3.16917,70
1757257500000,1757257559999,111087.0,111087.0,111070.0,111070.0,1.90060,84
1757257560000,1757257619999,111070.0,111133.0,111070.0,111132.0,3.71434,158
1757257620000,1757257679999,111132.0,111148.0,111130.0,111130.0,5.43800,100
1757257680000,1757257739999,111130.0,111152.0,111130.0,111135.0,3.75740,105
1757257740000,1757257799999,111135.0,111155.0,111121.0,111131.0,4.17357,121
1757257800000,1757257859999,111130.0,111130.0,111120.0,111120.0,4.02147,76
1757257860000,1757257919999,111120.0,111121.0,111120.0,111120.0,2.53572,51
1757257920000,1757257979999,111120.0,111122.0,111120.0,111121.0,2.54831,50
1757257980000,1757258039999,111121.0,111122.0,111108.0,111108.0,2.61879,59
1757258040000,1757258099999,111108.0,111109.0,111108.0,111108.0,3.97949,55
1757258100000,1757258159999,111108.0,111139.0,111108.0,111135.0,2.79805,98
1757258160000,1757258219999,111135.0,111174.0,111134.0,111174.0,24.23232,182
1757258220000,1757258279999,111173.0,111199.0,111166.0,111199.0,64.16756,214
1757258280000,1757258339999,111198.0,111239.0,111198.0,111239.0,37.32630,258
1757258340000,1757258399999,111239.0,111294.0,111239.0,111282.0,6.94981,207
1757258400000,1757258459999,111282.0,111283.0,111250.0,111251.0,6.00287,99
1757258460000,1757258519999,111251.0,111252.0,111238.0,111250.0,3.03943,85
1757258520000,1757258579999,111250.0,111251.0,111244.0,111244.0,10.07545,83
1757258580000,1757258639999,111244.0,111251.0,111244.0,111250.0,2.68828,45
1757258640000,1757258699999,111250.0,111251.0,111250.0,111250.0,3.84815,51
1757258700000,1757258759999,111250.0,111290.0,111250.0,111282.0,6.58197,144
1757258760000,1757258819999,111282.0,111283.0,111263.0,111263.0,3.49423,58
1757258820000,1757258879999,111263.0,111264.0,111248.0,111249.0,3.72750,68
1757258880000,1757258939999,111248.0,111276.0,111248.0,111267.0,7.85444,111
1757258940000,1757258999999,111266.0,111279.0,111263.0,111269.0,6.22986,127
1757259000000,1757259059999,111269.0,111270.0,111258.0,111258.0,3.50144,65
1757259060000,1757259119999,111258.0,111292.0,111258.0,111291.0,3.13046,65
1757259120000,1757259179999,111291.0,111326.0,111291.0,111325.0,6.15121,119
1757259180000,1757259239999,111325.0,111326.0,111266.0,111266.0,4.33041,132
1757259240000,1757259299999,111266.0,111267.0,111264.0,111264.0,1.68207,51
1757259300000,1757259359999,111264.0,111285.0,111264.0,111284.0,4.51304,69
1757259360000,1757259419999,111284.0,111285.0,111271.0,111272.0,2.78761,56
1757259420000,1757259479999,111271.0,111272.0,111265.0,111269.0,0.66766,54
1757259480000,1757259539999,111268.0,111287.0,111268.0,111283.0,1.73875,88
1757259540000,1757259599999,111283.0,111284.0,111264.0,111264.0,0.96718,39
1757259600000,1757259659999,111264.0,111265.0,111264.0,111265.0,0.31964,24
1757259660000,1757259719999,111264.0,111278.0,111264.0,111277.0,10.38998,69
1757259720000,1757259779999,111277.0,111278.0,111273.0,111273.0,0.32744,30
1757259780000,1757259839999,111273.0,111274.0,111273.0,111273.0,0.87199,31
1757259840000,1757259899999,111273.0,111274.0,111273.0,111273.0,1.04856,42
1757259900000,1757259959999,111273.0,111283.0,111261.0,111261.0,6.90544,94
1757259960000,1757260019999,111261.0,111261.0,111220.0,111220.0,1.79245,89
1757260020000,1757260079999,111220.0,111242.0,111220.0,111242.0,1.74321,62
1757260080000,1757260139999,111241.0,111242.0,111221.0,111221.0,19.80959,78
1757260140000,1757260199999,111220.0,111228.0,111216.0,111216.0,0.74552,41
1757260200000,1757260259999,111215.0,111216.0,111207.0,111214.0,7.93723,66
1757260260000,1757260319999,111213.0,111224.0,111213.0,111224.0,10.21085,83
1757260320000,1757260379999,111223.0,111224.0,111223.0,111224.0,1.09065,25
1757260380000,1757260439999,111223.0,111224.0,111215.0,111216.0,1.34645,34
1757260440000,1757260499999,111215.0,111217.0,111215.0,111217.0,8.36819,39
1757260500000,1757260559999,111216.0,111217.0,111216.0,111216.0,0.23964,20
1757260560000,1757260619999,111216.0,111217.0,111216.0,111216.0,0.92698,31
1757260620000,1757260679999,111216.0,111217.0,111216.0,111217.0,4.71716,44
1757260680000,1757260739999,111218.0,111250.0,111218.0,111249.0,1.07714,66
1757260740000,1757260799999,111249.0,111277.0,111249.0,111276.0,0.85662,72
1757260800000,1757260859999,111276.0,111344.0,111276.0,111344.0,22.63957,176
1757260860000,1757260919999,111343.0,111344.0,111309.0,111309.0,2.77467,72
1757260920000,1757260979999,111309.0,111310.0,111309.0,111309.0,3.05124,57
1757260980000,1757261039999,111309.0,111315.0,111309.0,111310.0,2.50048,64
1757261040000,1757261099999,111310.0,111311.0,111309.0,111309.0,0.71266,47
1757261100000,1757261159999,111309.0,111310.0,111271.0,111277.0,3.14563,116
1757261160000,1757261219999,111277.0,111278.0,111277.0,111277.0,0.87808,46
1757261220000,1757261279999,111277.0,111278.0,111260.0,111277.0,4.10125,79
1757261280000,1757261339999,111277.0,111278.0,111260.0,111267.0,1.04057,63
1757261340000,1757261399999,111267.0,111268.0,111251.0,111251.0,0.97444,73
1757261400000,1757261459999,111251.0,111252.0,111243.0,111243.0,3.24576,66
1757261460000,1757261519999,111243.0,111244.0,111237.0,111237.0,0.34385,47
1757261520000,1757261579999,111237.0,111238.0,111227.0,111228.0,0.71250,59
1757261580000,1757261639999,111227.0,111228.0,111210.0,111210.0,1.09597,59
1757261640000,1757261699999,111210.0,111211.0,111180.0,111209.0,22.57678,136
1757261700000,1757261759999,111209.0,111244.0,111193.0,111236.0,3.22625,143
1757261760000,1757261819999,111235.0,111235.0,111180.0,111180.0,2.43814,78
1757261820000,1757261879999,111182.0,111192.0,111181.0,111181.0,0.91198,54
1757261880000,1757261939999,111181.0,111187.0,111167.0,111167.0,2.00851,74
1757261940000,1757261999999,111167.0,111187.0,111167.0,111186.0,4.93805,71
1757262000000,1757262059999,111187.0,111189.0,111184.0,111188.0,1.85752,66
1757262060000,1757262119999,111187.0,111188.0,111165.0,111167.0,0.97029,64
1757262120000,1757262179999,111167.0,111190.0,111167.0,111188.0,3.66748,83
1757262180000,1757262239999,111188.0,111189.0,111181.0,111181.0,1.11733,56
1757262240000,1757262299999,111181.0,111182.0,111166.0,111166.0,4.91748,60
1757262300000,1757262359999,111166.0,111167.0,111166.0,111167.0,0.24571,36
1757262360000,1757262419999,111166.0,111167.0,111158.0,111166.0,6.61965,71
1757262420000,1757262479999,111166.0,111167.0,111166.0,111166.0,1.56770,38
1757262480000,1757262539999,111166.0,111167.0,111166.0,111166.0,1.50784,42
1757262540000,1757262599999,111166.0,111167.0,111161.0,111161.0,5.52308,56
1757262600000,1757262659999,111161.0,111166.0,111161.0,111165.0,1.76265,44
1757262660000,1757262719999,111165.0,111166.0,111150.0,111155.0,7.02410,74
1757262720000,1757262779999,111154.0,111155.0,111146.0,111147.0,6.65560,68
1757262780000,1757262839999,111147.0,111148.0,111147.0,111147.0,1.22601,47
1757262840000,1757262899999,111147.0,111148.0,111125.0,111129.0,7.10178,117
1757262900000,1757262959999,111129.0,111130.0,111124.0,111125.0,0.23450,54
1757262960000,1757263019999,111124.0,111131.0,111116.0,111130.0,0.91629,79
1757263020000,1757263079999,111130.0,111172.0,111130.0,111172.0,1.37484,92
1757263080000,1757263139999,111171.0,111172.0,111171.0,111172.0,1.73705,63
1757263140000,1757263199999,111171.0,111181.0,111171.0,111179.0,2.02103,72
1757263200000,1757263259999,111179.0,111180.0,111179.0,111179.0,0.55062,39
1757263260000,1757263319999,111179.0,111180.0,111171.0,111178.0,2.91599,63
1757263320000,1757263379999,111177.0,111201.0,111177.0,111200.0,1.32666,70
1757263380000,1757263439999,111200.0,111204.0,111200.0,111200.0,3.41188,54
1757263440000,1757263499999,111200.0,111201.0,111200.0,111200.0,1.49856,33
1757263500000,1757263559999,111200.0,111227.0,111200.0,111226.0,4.00900,58
1757263560000,1757263619999,111226.0,111227.0,111175.0,111176.0,1.25765,74
1757263620000,1757263679999,111175.0,111176.0,111173.0,111175.0,1.49222,59
1757263680000,1757263739999,111175.0,111198.0,111174.0,111176.0,0.91020,64
1757263740000,1757263799999,111175.0,111176.0,111152.0,111153.0,3.13290,100
1757263800000,1757263859999,111152.0,111154.0,111150.0,111152.0,3.54532,91
1757263860000,1757263919999,111152.0,111155.0,111151.0,111154.0,3.50319,67
1757263920000,1757263979999,111154.0,111155.0,111154.0,111154.0,1.01035,34
1757263980000,1757264039999,111154.0,111155.0,111152.0,111153.0,0.17806,36
1757264040000,1757264099999,111152.0,111153.0,111151.0,111152.0,1.36001,59
1757264100000,1757264159999,111152.0,111176.0,111152.0,111176.0,0.78607,90
1757264160000,1757264219999,111175.0,111176.0,111175.0,111175.0,1.30598,61
1757264220000,1757264279999,111175.0,111176.0,111175.0,111175.0,2.91673,73
1757264280000,1757264339999,111175.0,111214.0,111175.0,111204.0,19.11273,151
1757264340000,1757264399999,111196.0,111197.0,111152.0,111152.0,2.87176,110
1757264400000,1757264459999,111152.0,111159.0,111143.0,111158.0,1.53212,93
1757264460000,1757264519999,111158.0,111166.0,111158.0,111166.0,1.72179,79
1757264520000,1757264579999,111165.0,111169.0,111165.0,111169.0,0.89041,70
1757264580000,1757264639999,111168.0,111187.0,111168.0,111187.0,1.66122,100
1757264640000,1757264699999,111186.0,111187.0,111168.0,111168.0,2.00074,87
1757264700000,1757264759999,111168.0,111169.0,111165.0,111165.0,0.78609,96
1757264760000,1757264819999,111165.0,111166.0,111143.0,111144.0,1.06294,140
1757264820000,1757264879999,111143.0,111144.0,111127.0,111128.0,1.73735,140
1757264880000,1757264939999,111127.0,111129.0,111127.0,111128.0,0.83268,101
1757264940000,1757264999999,111128.0,111134.0,111060.0,111083.0,19.19686,372
1757265000000,1757265059999,111083.0,111084.0,111083.0,111084.0,0.42588,51
1757265060000,1757265119999,111083.0,111109.0,111083.0,111107.0,1.05835,74
1757265120000,1757265179999,111106.0,111106.0,111090.0,111090.0,7.33016,88
1757265180000,1757265239999,111090.0,111090.0,111035.0,111044.0,25.62118,205
1757265240000,1757265299999,111044.0,111045.0,111031.0,111031.0,1.96769,83
1757265300000,1757265359999,111032.0,111059.0,111031.0,111059.0,3.46223,163
1757265360000,1757265419999,111059.0,111059.0,111013.0,111025.0,27.91220,198
1757265420000,1757265479999,111025.0,111026.0,111011.0,111016.0,8.71617,149
1757265480000,1757265539999,111015.0,111015.0,110972.0,110974.0,23.77440,334
1757265540000,1757265599999,110974.0,110975.0,110911.0,110911.0,35.07811,384
1757265600000,1757265659999,110912.0,110954.0,110886.0,110886.0,6.86546,245
1757265660000,1757265719999,110887.0,110917.0,110886.0,110886.0,1.00801,101
1757265720000,1757265779999,110886.0,110921.0,110860.0,110920.0,12.96436,191
1757265780000,1757265839999,110920.0,110973.0,110912.0,110972.0,8.86998,154
1757265840000,1757265899999,110972.0,110973.0,110952.0,110953.0,2.05733,59
1757265900000,1757265959999,110953.0,110982.0,110953.0,110982.0,1.87645,54
1757265960000,1757266019999,110982.0,110983.0,110949.0,110949.0,0.31356,75
1757266020000,1757266079999,110949.0,110950.0,110930.0,110939.0,1.80669,56
1757266080000,1757266139999,110940.0,110940.0,110939.0,110939.0,1.50089,39
1757266140000,1757266199999,110939.0,110940.0,110920.0,110921.0,4.07968,90
1757266200000,1757266259999,110916.0,110917.0,110825.0,110835.0,150.91448,659
1757266260000,1757266319999,110835.0,110877.0,110835.0,110877.0,2.56248,107
1757266320000,1757266379999,110876.0,110920.0,110876.0,110919.0,5.22488,115
1757266380000,1757266439999,110919.0,110938.0,110919.0,110938.0,6.15764,105
1757266440000,1757266499999,110940.0,110963.0,110939.0,110963.0,1.30115,69
1757266500000,1757266559999,110962.0,110974.0,110959.0,110960.0,4.57293,90
1757266560000,1757266619999,110959.0,110960.0,110959.0,110959.0,0.64289,43
1757266620000,1757266679999,110959.0,110960.0,110959.0,110959.0,2.44115,55
1757266680000,1757266739999,110959.0,111016.0,110959.0,111015.0,6.29489,171
1757266740000,1757266799999,111016.0,111016.0,110982.0,110982.0,2.18584,86
1757266800000,1757266859999,110982.0,111008.0,110982.0,111007.0,2.46503,80
1757266860000,1757266919999,111009.0,111029.0,111009.0,111029.0,1.19183,57
1757266920000,1757266979999,111028.0,111076.0,111028.0,111076.0,100.05527,261
1757266980000,1757267039999,111076.0,111082.0,111076.0,111082.0,1.89935,57
1757267040000,1757267099999,111081.0,111082.0,111058.0,111058.0,0.55644,46
1757267100000,1757267159999,111059.0,111059.0,111029.0,111029.0,2.32306,80
1757267160000,1757267219999,111029.0,111037.0,111029.0,111036.0,2.03604,45
1757267220000,1757267279999,111036.0,111037.0,111025.0,111025.0,0.74510,55
1757267280000,1757267339999,111025.0,111025.0,111015.0,111015.0,3.83999,70
1757267340000,1757267399999,111009.0,111009.0,110961.0,110972.0,13.51779,162
1757267400000,1757267459999,110973.0,110973.0,110911.0,110912.0,5.83656,137
1757267460000,1757267519999,110913.0,110913.0,110905.0,110905.0,10.28258,74
1757267520000,1757267579999,110905.0,110925.0,110904.0,110925.0,5.20613,75
1757267580000,1757267639999,110924.0,110941.0,110924.0,110940.0,1.29991,75
1757267640000,1757267699999,110940.0,110941.0,110930.0,110930.0,1.39746,76
1757267700000,1757267759999,110930.0,110931.0,110918.0,110918.0,2.14946,64
1757267760000,1757267819999,110904.0,110905.0,110898.0,110898.0,7.11367,59
1757267820000,1757267879999,110898.0,110928.0,110898.0,110928.0,1.50509,83
1757267880000,1757267939999,110927.0,110941.0,110904.0,110904.0,0.60827,68
1757267940000,1757267999999,110904.0,110913.0,110904.0,110912.0,2.53531,57
1757268000000,1757268059999,110913.0,110923.0,110897.0,110897.0,1.07932,70
1757268060000,1757268119999,110898.0,110908.0,110897.0,110908.0,1.89044,68
1757268120000,1757268179999,110907.0,110908.0,110903.0,110903.0,0.49544,41
1757268180000,1757268239999,110904.0,110904.0,110898.0,110898.0,1.11420,38
1757268240000,1757268299999,110899.0,110935.0,110899.0,110934.0,1.22039,77
1757268300000,1757268359999,110935.0,110971.0,110934.0,110970.0,0.68496,86
1757268360000,1757268419999,110970.0,110970.0,110969.0,110969.0,1.11178,36
1757268420000,1757268479999,110969.0,110970.0,110969.0,110969.0,0.24234,26
1757268480000,1757268539999,110970.0,110991.0,110969.0,110990.0,2.22117,62
1757268540000,1757268599999,110991.0,110991.0,110990.0,110990.0,3.99543,36
1757268600000,1757268659999,110991.0,110991.0,110990.0,110991.0,2.61469,54
1757268660000,1757268719999,110991.0,110991.0,110990.0,110990.0,4.80248,79
1757268720000,1757268779999,110991.0,110991.0,110971.0,110971.0,0.16550,35
1757268780000,1757268839999,110972.0,110972.0,110963.0,110964.0,0.61701,48
1757268840000,1757268899999,110964.0,110964.0,110941.0,110958.0,20.84226,119
1757268900000,1757268959999,110958.0,110964.0,110944.0,110964.0,3.22947,123
1757268960000,1757269019999,110964.0,110993.0,110963.0,110993.0,3.13717,209
1757269020000,1757269079999,110993.0,111002.0,110992.0,111001.0,6.75511,85
1757269080000,1757269139999,111002.0,111002.0,111001.0,111001.0,0.18849,21
1757269140000,1757269199999,111002.0,111002.0,110946.0,110947.0,4.64751,147
1757269200000,1757269259999,110947.0,110954.0,110947.0,110949.0,1.54792,71
1757269260000,1757269319999,110949.0,110949.0,110918.0,110918.0,3.19727,191
1757269320000,1757269379999,110919.0,110919.0,110901.0,110916.0,2.87434,124
1757269380000,1757269439999,110918.0,110919.0,110917.0,110919.0,0.31504,69
1757269440000,1757269499999,110919.0,110919.0,110918.0,110918.0,0.55417,27
1757269500000,1757269559999,110919.0,110923.0,110918.0,110922.0,1.04400,30
1757269560000,1757269619999,110923.0,110923.0,110922.0,110922.0,0.10372,16
1757269620000,1757269679999,110923.0,110955.0,110922.0,110934.0,1.65085,88
1757269680000,1757269739999,110934.0,110935.0,110922.0,110922.0,1.01870,23
1757269740000,1757269799999,110923.0,110923.0,110900.0,110900.0,3.77453,247
1757269800000,1757269859999,110901.0,110901.0,110900.0,110901.0,0.69622,45
1757269860000,1757269919999,110901.0,110921.0,110900.0,110920.0,0.71758,47
1757269920000,1757269979999,110921.0,110921.0,110881.0,110881.0,1.02905,148
1757269980000,1757270039999,110882.0,110882.0,110880.0,110880.0,1.66815,52
1757270040000,1757270099999,110881.0,110883.0,110880.0,110883.0,0.88330,92
1757270100000,1757270159999,110883.0,110883.0,110864.0,110864.0,6.20056,96
1757270160000,1757270219999,110865.0,110871.0,110863.0,110870.0,1.56133,150
1757270220000,1757270279999,110871.0,110871.0,110858.0,110858.0,7.61944,78
1757270280000,1757270339999,110858.0,110859.0,110852.0,110852.0,9.72567,130
1757270340000,1757270399999,110853.0,110853.0,110843.0,110852.0,2.82229,103
1757270400000,1757270459999,110851.0,110852.0,110843.0,110843.0,2.07837,32
1757270460000,1757270519999,110843.0,110844.0,110807.0,110818.0,25.53818,214
1757270520000,1757270579999,110817.0,110818.0,110812.0,110812.0,0.43569,141
1757270580000,1757270639999,110813.0,110853.0,110813.0,110853.0,2.49119,270
1757270640000,1757270699999,110853.0,110877.0,110853.0,110877.0,1.91282,241
1757270700000,1757270759999,110877.0,110914.0,110877.0,110886.0,14.28911,420
1757270760000,1757270819999,110887.0,110891.0,110886.0,110890.0,0.24007,47
1757270820000,1757270879999,110891.0,110891.0,110890.0,110891.0,0.19566,25
1757270880000,1757270939999,110891.0,110891.0,110890.0,110891.0,0.39111,26
1757270940000,1757270999999,110891.0,110891.0,110890.0,110891.0,2.65388,29
1757271000000,1757271059999,110891.0,110915.0,110890.0,110915.0,2.34191,298
1757271060000,1757271119999,110915.0,110924.0,110894.0,110897.0,1.60807,98
1757271120000,1757271179999,110898.0,110898.0,110876.0,110876.0,1.46823,427
1757271180000,1757271239999,110877.0,110877.0,110876.0,110876.0,0.52179,63
1757271240000,1757271299999,110877.0,110915.0,110877.0,110915.0,1.77277,63
1757271300000,1757271359999,110916.0,110972.0,110916.0,110963.0,3.84932,245
1757271360000,1757271419999,110964.0,110964.0,110959.0,110959.0,11.28188,159
1757271420000,1757271479999,110960.0,110980.0,110959.0,110980.0,0.70805,248
1757271480000,1757271539999,110980.0,111016.0,110980.0,111012.0,3.38173,155
1757271540000,1757271599999,111012.0,111013.0,111003.0,111003.0,1.88822,63
1757271600000,1757271659999,111003.0,111047.0,111003.0,111047.0,2.94197,253
1757271660000,1757271719999,111046.0,111099.0,111046.0,111092.0,71.20071,295
1757271720000,1757271779999,111092.0,111153.0,111085.0,111153.0,59.35057,462
1757271780000,1757271839999,111153.0,111153.0,111142.0,111153.0,8.22783,106
1757271840000,1757271899999,111153.0,111153.0,111142.0,111152.0,7.33364,51
1757271900000,1757271959999,111152.0,111176.0,111152.0,111176.0,8.81602,121
1757271960000,1757272019999,111176.0,111189.0,111163.0,111176.0,24.23570,153
1757272020000,1757272079999,111177.0,111177.0,111104.0,111104.0,2.99174,73
1757272080000,1757272139999,111102.0,111102.0,111065.0,111066.0,3.65754,67
1757272140000,1757272199999,111066.0,111066.0,111037.0,111037.0,2.47414,67
1757272200000,1757272259999,111038.0,111060.0,111031.0,111060.0,1.86923,114
1757272260000,1757272319999,111060.0,111060.0,111054.0,111055.0,0.20213,21
1757272320000,1757272379999,111055.0,111055.0,111011.0,111012.0,3.08740,100
1757272380000,1757272439999,111012.0,111012.0,111005.0,111005.0,4.65375,59
1757272440000,1757272499999,111006.0,111012.0,111005.0,111011.0,2.13713,173
1757272500000,1757272559999,111011.0,111012.0,111006.0,111006.0,0.64101,151
1757272560000,1757272619999,111010.0,111043.0,111010.0,111043.0,14.36981,119
1757272620000,1757272679999,111043.0,111089.0,111042.0,111088.0,0.20612,80
1757272680000,1757272739999,111089.0,111089.0,111080.0,111080.0,0.87556,40
1757272740000,1757272799999,111081.0,111081.0,111052.0,111052.0,4.42620,73
1757272800000,1757272859999,111053.0,111053.0,111052.0,111052.0,0.15033,25
1757272860000,1757272919999,111053.0,111053.0,111034.0,111037.0,0.31349,39
1757272920000,1757272979999,111037.0,111038.0,111028.0,111028.0,3.79875,42
1757272980000,1757273039999,111028.0,111029.0,111028.0,111028.0,0.27801,29
1757273040000,1757273099999,111029.0,111029.0,111028.0,111029.0,0.13802,23
1757273100000,1757273159999,111029.0,111083.0,111028.0,111077.0,1.88329,135
1757273160000,1757273219999,111078.0,111127.0,111077.0,111097.0,18.41622,172
1757273220000,1757273279999,111096.0,111120.0,111096.0,111110.0,12.20648,78
1757273280000,1757273339999,111111.0,111116.0,111110.0,111113.0,0.78886,112
1757273340000,1757273399999,111112.0,111113.0,111094.0,111095.0,0.39570,118
1757273400000,1757273459999,111095.0,111099.0,111093.0,111099.0,0.25723,76
1757273460000,1757273519999,111099.0,111105.0,111098.0,111105.0,0.21049,78
1757273520000,1757273579999,111105.0,111138.0,111104.0,111138.0,6.66006,209
1757273580000,1757273639999,111138.0,111146.0,111138.0,111145.0,9.19604,97
1757273640000,1757273699999,111146.0,111170.0,111146.0,111166.0,20.30163,115
1757273700000,1757273759999,111166.0,111169.0,111166.0,111169.0,0.43869,37
1757273760000,1757273819999,111169.0,111169.0,111158.0,111160.0,2.37811,97
1757273820000,1757273879999,111159.0,111164.0,111159.0,111164.0,0.33735,36
1757273880000,1757273939999,111164.0,111177.0,111163.0,111177.0,0.19009,45
1757273940000,1757273999999,111177.0,111190.0,111176.0,111190.0,0.65547,70
1757274000000,1757274059999,111190.0,111234.0,111189.0,111234.0,6.42385,173
1757274060000,1757274119999,111235.0,111258.0,111215.0,111215.0,2.61333,201
1757274120000,1757274179999,111214.0,111214.0,111186.0,111186.0,3.57729,161
1757274180000,1757274239999,111185.0,111190.0,111184.0,111185.0,0.90267,53
1757274240000,1757274299999,111184.0,111218.0,111184.0,111198.0,1.54973,64
1757274300000,1757274359999,111199.0,111203.0,111185.0,111186.0,2.81939,58
1757274360000,1757274419999,111185.0,111186.0,111178.0,111179.0,1.61120,48
1757274420000,1757274479999,111179.0,111179.0,111178.0,111179.0,0.17247,26
1757274480000,1757274539999,111179.0,111179.0,111166.0,111167.0,1.34006,64
1757274540000,1757274599999,111167.0,111167.0,111159.0,111161.0,0.71983,72
1757274600000,1757274659999,111162.0,111162.0,111136.0,111136.0,5.26571,172
1757274660000,1757274719999,111136.0,111174.0,111136.0,111174.0,1.90113,135
1757274720000,1757274779999,111174.0,111214.0,111174.0,111213.0,2.07158,137
1757274780000,1757274839999,111214.0,111214.0,111187.0,111188.0,0.38490,65
1757274840000,1757274899999,111188.0,111188.0,111172.0,111173.0,0.47657,130
1757274900000,1757274959999,111173.0,111203.0,111172.0,111202.0,0.99514,220
1757274960000,1757275019999,111203.0,111203.0,111186.0,111202.0,0.16595,78
1757275020000,1757275079999,111202.0,111204.0,111202.0,111204.0,0.23481,62
1757275080000,1757275139999,111204.0,111214.0,111203.0,111205.0,0.29908,51
1757275140000,1757275199999,111202.0,111218.0,111201.0,111218.0,2.70073,90
1757275200000,1757275259999,111217.0,111218.0,111189.0,111190.0,1.98564,141
1757275260000,1757275319999,111189.0,111190.0,111183.0,111183.0,0.15705,50
1757275320000,1757275379999,111182.0,111206.0,111181.0,111205.0,0.50160,164
1757275380000,1757275439999,111206.0,111250.0,111205.0,111241.0,0.99463,151
1757275440000,1757275499999,111241.0,111241.0,111239.0,111240.0,0.19125,42
1757275500000,1757275559999,111240.0,111304.0,111239.0,111272.0,6.94269,315
1757275560000,1757275619999,111271.0,111281.0,111268.0,111281.0,1.10150,58
1757275620000,1757275679999,111280.0,111280.0,111248.0,111248.0,9.78772,149
1757275680000,1757275739999,111249.0,111249.0,111248.0,111249.0,0.46247,75
1757275740000,1757275799999,111248.0,111249.0,111237.0,111238.0,1.07401,94
1757275800000,1757275859999,111237.0,111238.0,111202.0,111218.0,48.24839,240
1757275860000,1757275919999,111218.0,111218.0,111141.0,111141.0,74.04177,291
1757275920000,1757275979999,111141.0,111150.0,111111.0,111111.0,14.38816,178
1757275980000,1757276039999,111112.0,111112.0,111106.0,111106.0,15.60086,77
1757276040000,1757276099999,111106.0,111111.0,111106.0,111110.0,15.65796,55
1757276100000,1757276159999,111111.0,111123.0,111110.0,111123.0,21.63961,116
1757276160000,1757276219999,111123.0,111145.0,111123.0,111145.0,18.00639,81
1757276220000,1757276279999,111146.0,111220.0,111146.0,111220.0,28.93852,216
1757276280000,1757276339999,111219.0,111220.0,111211.0,111212.0,1.82308,44
1757276340000,1757276399999,111212.0,111234.0,111199.0,111234.0,0.48615,57
1757276400000,1757276459999,111234.0,111234.0,111204.0,111205.0,0.68738,29
1757276460000,1757276519999,111204.0,111205.0,111189.0,111189.0,0.41766,25
1757276520000,1757276579999,111189.0,111190.0,111185.0,111186.0,0.36906,25
1757276580000,1757276639999,111186.0,111186.0,111123.0,111124.0,11.81115,136
1757276640000,1757276699999,111123.0,111124.0,111123.0,111124.0,0.41753,33
1757276700000,1757276759999,111124.0,111124.0,111121.0,111121.0,1.23765,38
1757276760000,1757276819999,111122.0,111122.0,111120.0,111121.0,0.09249,34
1757276820000,1757276879999,111122.0,111143.0,111122.0,111143.0,1.67597,46
1757276880000,1757276939999,111142.0,111159.0,111142.0,111159.0,0.21816,48
1757276940000,1757276999999,111158.0,111159.0,111158.0,111158.0,0.17630,35
1757277000000,1757277059999,111159.0,111159.0,111146.0,111146.0,1.29353,36
1757277060000,1757277119999,111146.0,111151.0,111146.0,111146.0,0.17709,30
1757277120000,1757277179999,111147.0,111147.0,111143.0,111143.0,0.35242,29
1757277180000,1757277239999,111143.0,111144.0,111134.0,111134.0,2.11971,53
1757277240000,1757277299999,111134.0,111135.0,111133.0,111134.0,1.46385,41
1757277300000,1757277359999,111133.0,111133.0,111117.0,111118.0,0.04787,31
1757277360000,1757277419999,111118.0,111118.0,111096.0,111097.0,0.91687,51
1757277420000,1757277479999,111097.0,111098.0,111096.0,111097.0,0.54369,29
1757277480000,1757277539999,111098.0,111101.0,111097.0,111101.0,1.94625,41
1757277540000,1757277599999,111101.0,111101.0,111100.0,111101.0,10.60768,40
1757277600000,1757277659999,111101.0,111111.0,111101.0,111111.0,0.71633,30
1757277660000,1757277719999,111111.0,111141.0,111111.0,111137.0,3.30514,77
1757277720000,1757277779999,111137.0,111137.0,111130.0,111130.0,0.88767,37
1757277780000,1757277839999,111131.0,111131.0,111126.0,111131.0,3.63947,43
1757277840000,1757277899999,111131.0,111131.0,111130.0,111131.0,2.28756,34
1757277900000,1757277959999,111131.0,111160.0,111130.0,111154.0,17.91155,110
1757277960000,1757278019999,111154.0,111154.0,111148.0,111149.0,0.32565,35
1757278020000,1757278079999,111149.0,111177.0,111148.0,111161.0,0.14351,63
1757278080000,1757278139999,111161.0,111161.0,111158.0,111159.0,0.20084,21
1757278140000,1757278199999,111159.0,111159.0,111150.0,111152.0,0.50146,26
1757278200000,1757278259999,111152.0,111152.0,111148.0,111148.0,3.89657,36
1757278260000,1757278319999,111149.0,111149.0,111148.0,111149.0,0.46630,33
1757278320000,1757278379999,111149.0,111152.0,111148.0,111152.0,1.67821,35
1757278380000,1757278439999,111152.0,111152.0,111151.0,111151.0,7.67332,39
1757278440000,1757278499999,111152.0,111217.0,111151.0,111208.0,50.46946,204
1757278500000,1757278559999,111208.0,111208.0,111205.0,111206.0,1.13069,35
1757278560000,1757278619999,111206.0,111219.0,111205.0,111219.0,4.61339,55
1757278620000,1757278679999,111219.0,111238.0,111219.0,111238.0,0.15261,31
1757278680000,1757278739999,111238.0,111266.0,111237.0,111254.0,12.37057,115
1757278740000,1757278799999,111255.0,111315.0,111249.0,111284.0,3.88434,149
1757278800000,1757278859999,111284.0,111297.0,111241.0,111252.0,2.37646,126
1757278860000,1757278919999,111253.0,111254.0,111251.0,111252.0,0.36986,42
1757278920000,1757278979999,111252.0,111252.0,111234.0,111234.0,0.12982,50
1757278980000,1757279039999,111235.0,111243.0,111234.0,111243.0,2.51032,65
1757279040000,1757279099999,111243.0,111243.0,111216.0,111218.0,4.68295,71
1757279100000,1757279159999,111219.0,111219.0,111218.0,111219.0,0.95063,38
1757279160000,1757279219999,111219.0,111228.0,111218.0,111227.0,2.50164,52
1757279220000,1757279279999,111228.0,111228.0,111227.0,111227.0,1.07605,38
1757279280000,1757279339999,111228.0,111228.0,111216.0,111217.0,1.91734,62
1757279340000,1757279399999,111217.0,111217.0,111199.0,111200.0,19.17553,89
1757279400000,1757279459999,111200.0,111200.0,111193.0,111194.0,2.57006,45
1757279460000,1757279519999,111194.0,111202.0,111194.0,111202.0,5.23542,56
1757279520000,1757279579999,111202.0,111203.0,111199.0,111203.0,16.06832,81
1757279580000,1757279639999,111203.0,111203.0,111202.0,111203.0,3.87693,55
1757279640000,1757279699999,111203.0,111203.0,111201.0,111202.0,1.00237,36
1757279700000,1757279759999,111202.0,111202.0,111200.0,111201.0,1.00089,31
1757279760000,1757279819999,111201.0,111201.0,111181.0,111182.0,1.08050,47
1757279820000,1757279879999,111182.0,111182.0,111165.0,111166.0,2.53876,52
1757279880000,1757279939999,111166.0,111173.0,111165.0,111173.0,1.06737,68
1757279940000,1757279999999,111173.0,111174.0,111170.0,111171.0,0.88318,37
1757280000000,1757280059999,111171.0,111175.0,111171.0,111174.0,0.84161,43
1757280060000,1757280119999,111175.0,111175.0,111174.0,111175.0,1.66357,39
1757280120000,1757280179999,111175.0,111175.0,111170.0,111171.0,0.64963,44
1757280180000,1757280239999,111171.0,111171.0,111161.0,111162.0,2.11720,37
1757280240000,1757280299999,111162.0,111162.0,111149.0,111150.0,2.15268,57
1757280300000,1757280359999,111150.0,111150.0,111138.0,111139.0,0.68964,33
1757280360000,1757280419999,111139.0,111139.0,111132.0,111132.0,0.78083,41
1757280420000,1757280479999,111133.0,111133.0,111132.0,111133.0,0.65390,25
1757280480000,1757280539999,111133.0,111138.0,111132.0,111137.0,0.76910,49
1757280540000,1757280599999,111138.0,111145.0,111138.0,111142.0,0.98186,67
1757280600000,1757280659999,111142.0,111164.0,111141.0,111164.0,1.43124,69
1757280660000,1757280719999,111164.0,111175.0,111163.0,111175.0,7.66817,73
1757280720000,1757280779999,111175.0,111175.0,111163.0,111164.0,0.81646,37
1757280780000,1757280839999,111164.0,111164.0,111163.0,111164.0,3.07093,32
1757280840000,1757280899999,111164.0,111164.0,111154.0,111154.0,1.11497,39
1757280900000,1757280959999,111155.0,111155.0,111148.0,111148.0,1.44740,58
1757280960000,1757281019999,111149.0,111149.0,111148.0,111148.0,0.91383,46
1757281020000,1757281079999,111149.0,111149.0,111148.0,111149.0,0.91070,37
1757281080000,1757281139999,111149.0,111149.0,111101.0,111102.0,9.08750,158
1757281140000,1757281199999,111102.0,111107.0,111101.0,111107.0,2.07272,50
1757281200000,1757281259999,111107.0,111107.0,111100.0,111101.0,0.50875,41
1757281260000,1757281319999,111101.0,111101.0,111081.0,111081.0,2.27104,61
1757281320000,1757281379999,111082.0,111082.0,111081.0,111081.0,0.56634,39
1757281380000,1757281439999,111082.0,111082.0,111077.0,111080.0,9.39655,62
1757281440000,1757281499999,111080.0,111084.0,111079.0,111084.0,9.68910,68
1757281500000,1757281559999,111084.0,111084.0,111079.0,111080.0,2.03398,52
1757281560000,1757281619999,111080.0,111080.0,111079.0,111079.0,0.15136,42
1757281620000,1757281679999,111080.0,111080.0,111079.0,111080.0,0.12735,42
1757281680000,1757281739999,111080.0,111080.0,111079.0,111079.0,0.09736,40
1757281740000,1757281799999,111080.0,111080.0,111079.0,111080.0,0.15426,35
1757281800000,1757281859999,111080.0,111080.0,111079.0,111079.0,0.92250,52
1757281860000,1757281919999,111080.0,111080.0,111079.0,111079.0,1.07713,60
1757281920000,1757281979999,111080.0,111080.0,111075.0,111075.0,3.34154,64
1757281980000,1757282039999,111076.0,111076.0,111024.0,111030.0,17.59361,250
1757282040000,1757282099999,111031.0,111037.0,111028.0,111029.0,7.45758,81
1757282100000,1757282159999,111029.0,111029.0,111018.0,111018.0,4.17342,100
1757282160000,1757282219999,111019.0,111019.0,111012.0,111013.0,5.64524,63
1757282220000,1757282279999,111013.0,111018.0,111012.0,111017.0,1.81726,55
1757282280000,1757282339999,111018.0,111018.0,111014.0,111015.0,0.18163,56
1757282340000,1757282399999,111015.0,111015.0,111003.0,111004.0,0.88317,75
1757282400000,1757282459999,111004.0,111131.0,110979.0,111094.0,27.86931,347
1757282460000,1757282519999,111097.0,111097.0,110997.0,111065.0,14.45042,266
1757282520000,1757282579999,111064.0,111080.0,111003.0,111065.0,6.40148,262
1757282580000,1757282639999,111065.0,111080.0,111048.0,111055.0,4.71349,146
1757282640000,1757282699999,111055.0,111055.0,110999.0,110999.0,5.93961,122
1757282700000,1757282759999,110998.0,110999.0,110960.0,110998.0,16.13236,173
1757282760000,1757282819999,110999.0,111081.0,110999.0,111054.0,7.54511,128
1757282820000,1757282879999,111054.0,111055.0,111015.0,111055.0,0.96927,143
1757282880000,1757282939999,111055.0,111091.0,111054.0,111074.0,3.48927,87
1757282940000,1757282999999,111074.0,111083.0,111064.0,111065.0,1.80320,73
1757283000000,1757283059999,111065.0,111100.0,111064.0,111090.0,10.54402,122
1757283060000,1757283119999,111090.0,111131.0,111089.0,111117.0,17.00366,141
1757283120000,1757283179999,111117.0,111145.0,111114.0,111143.0,0.54101,70
1757283180000,1757283239999,111142.0,111150.0,111139.0,111140.0,0.44686,65
1757283240000,1757283299999,111140.0,111161.0,111139.0,111159.0,14.89106,124
1757283300000,1757283359999,111159.0,111162.0,111154.0,111155.0,4.79706,95
1757283360000,1757283419999,111153.0,111153.0,111115.0,111116.0,1.16999,69
1757283420000,1757283479999,111116.0,111128.0,111103.0,111128.0,1.72940,95
1757283480000,1757283539999,111128.0,111158.0,111128.0,111157.0,2.14957,77
1757283540000,1757283599999,111158.0,111200.0,111157.0,111200.0,3.76753,114
1757283600000,1757283659999,111200.0,111204.0,111189.0,111204.0,7.85869,121
1757283660000,1757283719999,111204.0,111204.0,111198.0,111202.0,3.56897,79
1757283720000,1757283779999,111202.0,111211.0,111201.0,111211.0,1.55494,62
1757283780000,1757283839999,111211.0,111216.0,111203.0,111203.0,3.79097,82
1757283840000,1757283899999,111204.0,111210.0,111203.0,111209.0,3.91370,60
1757283900000,1757283959999,111210.0,111214.0,111198.0,111214.0,1.68759,67
1757283960000,1757284019999,111214.0,111220.0,111213.0,111220.0,0.63368,65
1757284020000,1757284079999,111220.0,111255.0,111220.0,111255.0,1.07596,93
1757284080000,1757284139999,111256.0,111272.0,111250.0,111272.0,10.76555,119
1757284140000,1757284199999,111272.0,111298.0,111272.0,111291.0,3.42142,115
1757284200000,1757284259999,111291.0,111320.0,111290.0,111292.0,8.78033,144
1757284260000,1757284319999,111292.0,111292.0,111213.0,111228.0,6.68639,162
1757284320000,1757284379999,111233.0,111233.0,111186.0,111207.0,7.13828,102
1757284380000,1757284439999,111214.0,111214.0,111184.0,111185.0,5.83411,84
1757284440000,1757284499999,111185.0,111185.0,111139.0,111146.0,26.76215,162
1757284500000,1757284559999,111146.0,111146.0,111126.0,111133.0,11.29824,122
1757284560000,1757284619999,111134.0,111157.0,111132.0,111133.0,11.36949,90
1757284620000,1757284679999,111133.0,111133.0,111068.0,111069.0,15.07859,171
1757284680000,1757284739999,111069.0,111074.0,111037.0,111038.0,2.38766,89
1757284740000,1757284799999,111038.0,111038.0,111031.0,111032.0,0.20937,58
1757284800000,1757284859999,111032.0,111064.0,111032.0,111064.0,5.09550,100
1757284860000,1757284919999,111064.0,111083.0,111043.0,111080.0,0.72652,77
1757284920000,1757284979999,111079.0,111117.0,111076.0,111117.0,1.87186,88
1757284980000,1757285039999,111117.0,111172.0,111117.0,111156.0,19.56908,188
1757285040000,1757285099999,111156.0,111156.0,111130.0,111153.0,1.24486,105
1757285100000,1757285159999,111155.0,111245.0,111155.0,111208.0,1.67137,168
1757285160000,1757285219999,111209.0,111222.0,111160.0,111160.0,12.46544,166
1757285220000,1757285279999,111161.0,111179.0,111160.0,111179.0,0.36246,79
1757285280000,1757285339999,111179.0,111207.0,111173.0,111174.0,0.90530,104
1757285340000,1757285399999,111174.0,111207.0,111173.0,111199.0,1.55982,93
1757285400000,1757285459999,111200.0,111238.0,111188.0,111188.0,1.11672,95
1757285460000,1757285519999,111188.0,111193.0,111170.0,111193.0,0.70042,82
1757285520000,1757285579999,111193.0,111193.0,111169.0,111169.0,0.58484,68
1757285580000,1757285639999,111170.0,111170.0,111131.0,111131.0,8.86864,142
1757285640000,1757285699999,111132.0,111168.0,111131.0,111161.0,0.82452,85
1757285700000,1757285759999,111161.0,111198.0,111149.0,111198.0,0.38922,86
1757285760000,1757285819999,111198.0,111218.0,111197.0,111218.0,4.36435,91
1757285820000,1757285879999,111218.0,111220.0,111209.0,111211.0,2.91756,94
1757285880000,1757285939999,111211.0,111232.0,111211.0,111232.0,15.80248,82
1757285940000,1757285999999,111232.0,111232.0,111204.0,111210.0,1.83593,79
1757286000000,1757286059999,111210.0,111264.0,111209.0,111250.0,1.66367,95
1757286060000,1757286119999,111250.0,111272.0,111238.0,111251.0,24.93435,168
1757286120000,1757286179999,111256.0,111269.0,111256.0,111268.0,1.01909,79
1757286180000,1757286239999,111268.0,111270.0,111258.0,111266.0,14.77291,94
1757286240000,1757286299999,111262.0,111264.0,111243.0,111251.0,7.59171,122
1757286300000,1757286359999,111251.0,111269.0,111250.0,111269.0,1.19234,72
1757286360000,1757286419999,111270.0,111299.0,111269.0,111295.0,22.73445,173
1757286420000,1757286479999,111296.0,111296.0,111276.0,111284.0,5.59250,94
1757286480000,1757286539999,111284.0,111284.0,111233.0,111233.0,6.92885,131
1757286540000,1757286599999,111234.0,111267.0,111233.0,111267.0,0.31537,63
1757286600000,1757286659999,111267.0,111267.0,111248.0,111249.0,0.26392,49
1757286660000,1757286719999,111249.0,111249.0,111238.0,111238.0,0.83073,61
1757286720000,1757286779999,111239.0,111250.0,111230.0,111250.0,2.04246,69
1757286780000,1757286839999,111250.0,111250.0,111238.0,111239.0,0.24344,42
1757286840000,1757286899999,111239.0,111239.0,111238.0,111239.0,0.42158,43
1757286900000,1757286959999,111239.0,111240.0,111238.0,111239.0,11.64068,75
1757286960000,1757287019999,111240.0,111244.0,111226.0,111227.0,9.90280,101
1757287020000,1757287079999,111227.0,111310.0,111226.0,111310.0,56.02091,181
1757287080000,1757287139999,111310.0,111388.0,111309.0,111388.0,25.20798,457
1757287140000,1757287199999,111389.0,111395.0,111368.0,111377.0,32.58089,271
1757287200000,1757287259999,111376.0,111460.0,111371.0,111459.0,44.72958,521
1757287260000,1757287319999,111459.0,111459.0,111394.0,111426.0,9.94037,215
1757287320000,1757287379999,111426.0,111449.0,111426.0,111445.0,0.83992,79
1757287380000,1757287439999,111446.0,111446.0,111413.0,111416.0,22.09890,200
1757287440000,1757287499999,111417.0,111429.0,111416.0,111429.0,1.77578,78
1757287500000,1757287559999,111429.0,111477.0,111428.0,111477.0,11.28226,192
1757287560000,1757287619999,111478.0,111560.0,111478.0,111560.0,45.58334,605
1757287620000,1757287679999,111560.0,111560.0,111480.0,111481.0,54.29691,281
1757287680000,1757287739999,111481.0,111488.0,111442.0,111449.0,18.43683,168
1757287740000,1757287799999,111450.0,111450.0,111421.0,111425.0,2.44564,136
1757287800000,1757287859999,111425.0,111471.0,111425.0,111468.0,9.50203,109
1757287860000,1757287919999,111468.0,111468.0,111388.0,111388.0,29.31619,239
1757287920000,1757287979999,111389.0,111400.0,111381.0,111400.0,5.45052,107
1757287980000,1757288039999,111400.0,111400.0,111371.0,111371.0,1.89707,99
1757288040000,1757288099999,111371.0,111412.0,111344.0,111392.0,8.76535,118
1757288100000,1757288159999,111393.0,111393.0,111384.0,111391.0,1.80533,86
1757288160000,1757288219999,111391.0,111391.0,111363.0,111364.0,4.66144,88
1757288220000,1757288279999,111364.0,111364.0,111316.0,111328.0,2.04555,124
1757288280000,1757288339999,111328.0,111362.0,111327.0,111362.0,9.24063,91
1757288340000,1757288399999,111362.0,111362.0,111346.0,111358.0,3.09265,70
1757288400000,1757288459999,111358.0,111358.0,111327.0,111327.0,2.86057,71
1757288460000,1757288519999,111328.0,111351.0,111327.0,111349.0,4.17806,102
1757288520000,1757288579999,111349.0,111357.0,111340.0,111341.0,1.11963,71
1757288580000,1757288639999,111341.0,111377.0,111340.0,111377.0,4.79512,89
1757288640000,1757288699999,111377.0,111377.0,111371.0,111377.0,1.22318,62
1757288700000,1757288759999,111377.0,111388.0,111349.0,111350.0,1.48238,98
1757288760000,1757288819999,111350.0,111350.0,111318.0,111342.0,2.33675,128
1757288820000,1757288879999,111342.0,111342.0,111284.0,111284.0,3.55015,136
1757288880000,1757288939999,111284.0,111284.0,111199.0,111200.0,55.33300,320
1757288940000,1757288999999,111206.0,111259.0,111205.0,111235.0,7.61221,147
1757289000000,1757289059999,111235.0,111272.0,111190.0,111191.0,8.33948,165
1757289060000,1757289119999,111191.0,111191.0,111034.0,111069.0,10.22691,412
1757289120000,1757289179999,111069.0,111127.0,111069.0,111109.0,33.87794,218
1757289180000,1757289239999,111109.0,111110.0,111079.0,111110.0,8.69493,110
1757289240000,1757289299999,111110.0,111110.0,111083.0,111089.0,4.00344,106
1757289300000,1757289359999,111090.0,111115.0,111089.0,111112.0,5.03519,105
1757289360000,1757289419999,111113.0,111113.0,111092.0,111099.0,5.58263,88
1757289420000,1757289479999,111098.0,111131.0,111094.0,111122.0,5.82682,133
1757289480000,1757289539999,111123.0,111136.0,111122.0,111132.0,5.59356,80
1757289540000,1757289599999,111131.0,111132.0,111102.0,111102.0,2.32783,83
